0 69
1 26
2 38
3 54
4 55
5 84
6 106
7 117
8 117
9 151
10 196
11 225
12 225
13 258
14 291
15 334
16 349
17 394
18 419
19 466
20 473
21 512
22 545
23 633
24 593
25 674
26 743
27 796
28 812
29 862
30 863
31 998
32 1024
33 1089
34 1103
35 1147
36 1201
37 1236
38 1341
39 1395
40 1360
41 1399
42 1451
43 1607
44 1600
45 1688
46 1736
47 1776
48 1874
49 1831
50 1791
51 1911
52 1897
53 1922
54 1950
55 1818
56 1995
57 2028
58 2049
59 1957
60 2063
61 1884
62 2047
63 2081
64 2038
65 2034
66 1948
67 1859
68 1909
69 1898
70 2038
71 1972
72 1861
73 1941
74 1898
75 1901
76 1986
77 1847
78 1860
79 1813
80 1832
81 1764
82 1805
83 1763
84 1783
85 1742
86 1834
87 1710
88 1809
89 1683
90 1673
91 1674
92 1790
93 1608
94 1783
95 1642
96 1696
97 1581
98 1535
99 1539
100 1553
101 1438
102 1456
103 1458
104 1456
105 1458
106 1422
107 1431
108 1447
109 1342
110 1372
111 1319
112 1491
113 1336
114 1312
115 1375
116 1320
117 1232
118 1371
119 1197
120 1306
121 1283
122 1264
123 1177
124 1262
125 1123
126 1221
127 1211
128 1179
129 1114
130 1147
131 1110
132 1150
133 1059
134 1093
135 1053
136 1043
137 1019
138 1012
139 1019
140 976
141 1013
142 1013
143 961
144 976
145 949
146 952
147 968
148 960
149 887
150 906
151 873
152 963
153 847
154 893
155 840
156 871
157 847
158 831
159 874
160 854
161 802
162 790
163 714
164 792
165 736
166 804
167 720
168 726
169 748
170 711
171 672
172 784
173 717
174 730
175 627
176 696
177 667
178 631
179 628
180 633
181 606
182 676
183 597
184 645
185 646
186 602
187 612
188 635
189 599
190 605
191 553
192 575
193 525
194 522
195 517
196 553
197 469
198 532
199 464
200 474
201 469
202 472
203 466
204 450
205 429
206 423
207 412
208 466
209 439
210 448
211 433
212 479
213 563
214 628
215 660
216 799
217 821
218 945
219 974
220 1236
221 1219
222 1350
223 1290
224 1556
225 1347
226 1362
227 1299
228 1429
229 1198
230 1251
231 997
232 996
233 828
234 771
235 640
236 718
237 642
238 654
239 567
240 630
241 499
242 513
243 415
244 374
245 291
246 269
247 221
248 161
249 97
250 79
251 31
252 23
253 14
254 1
255 2
