0 0
1 0
2 0
3 0
4 0
5 0
6 0
7 0
8 0
9 0
10 0
11 0
12 0
13 0
14 0
15 0
16 0
17 0
18 0
19 0
20 0
21 0
22 0
23 0
24 0
25 0
26 0
27 0
28 0
29 0
30 0
31 0
32 0
33 0
34 0
35 0
36 0
37 0
38 1
39 2
40 5
41 8
42 9
43 8
44 12
45 14
46 22
47 31
48 31
49 44
50 53
51 64
52 59
53 65
54 97
55 120
56 128
57 115
58 158
59 175
60 219
61 216
62 292
63 262
64 307
65 382
66 425
67 476
68 527
69 629
70 725
71 751
72 861
73 891
74 982
75 996
76 1072
77 1148
78 1226
79 1302
80 1297
81 1456
82 1538
83 1530
84 1634
85 1678
86 1739
87 1865
88 1813
89 1948
90 1930
91 1945
92 2110
93 2171
94 2183
95 2332
96 2247
97 2310
98 2445
99 2540
100 2583
101 2689
102 2805
103 2892
104 3019
105 3178
106 3369
107 3575
108 3651
109 3875
110 3984
111 4280
112 4457
113 4653
114 4852
115 5026
116 5275
117 5364
118 5605
119 5565
120 5800
121 5697
122 5679
123 5660
124 5504
125 5523
126 5187
127 5155
128 4905
129 4597
130 4176
131 3683
132 3546
133 3201
134 2915
135 2689
136 2454
137 2301
138 2144
139 1989
140 1921
141 1740
142 1612
143 1598
144 1521
145 1541
146 1558
147 1492
148 1669
149 1769
150 1816
151 1905
152 1841
153 1968
154 1905
155 1738
156 1662
157 1640
158 1544
159 1344
160 1362
161 1348
162 1195
163 1069
164 1019
165 897
166 823
167 703
168 620
169 545
170 494
171 323
172 262
173 218
174 142
175 84
176 56
177 41
178 17
179 9
180 4
181 3
182 1
183 2
184 0
185 0
186 0
187 0
188 0
189 0
190 0
191 0
192 0
193 0
194 0
195 0
196 0
197 0
198 0
199 0
200 0
201 0
202 0
203 0
204 0
205 0
206 0
207 0
208 0
209 0
210 0
211 0
212 0
213 0
214 0
215 0
216 0
217 0
218 0
219 0
220 0
221 0
222 0
223 0
224 0
225 0
226 0
227 0
228 0
229 0
230 0
231 0
232 0
233 0
234 0
235 0
236 0
237 0
238 0
239 0
240 0
241 0
242 0
243 0
244 0
245 0
246 0
247 0
248 0
249 0
250 0
251 0
252 0
253 0
254 0
255 0
