0 0
1 0
2 0
3 0
4 0
5 0
6 0
7 0
8 0
9 0
10 0
11 0
12 0
13 0
14 0
15 0
16 0
17 0
18 0
19 0
20 0
21 0
22 0
23 0
24 0
25 0
26 0
27 0
28 0
29 0
30 0
31 0
32 0
33 0
34 0
35 0
36 0
37 0
38 0
39 0
40 0
41 0
42 0
43 0
44 0
45 0
46 0
47 0
48 0
49 0
50 0
51 0
52 0
53 0
54 0
55 0
56 0
57 0
58 0
59 1
60 0
61 0
62 0
63 0
64 0
65 4
66 4
67 9
68 10
69 22
70 27
71 29
72 58
73 88
74 121
75 153
76 182
77 249
78 280
79 332
80 413
81 455
82 503
83 533
84 545
85 639
86 667
87 692
88 704
89 722
90 840
91 856
92 893
93 931
94 972
95 1065
96 1137
97 1255
98 1352
99 1432
100 1600
101 1752
102 1876
103 1886
104 1979
105 2188
106 2240
107 2416
108 2517
109 2739
110 2972
111 3307
112 3488
113 3735
114 4176
115 4650
116 5023
117 5432
118 5686
119 6192
120 6431
121 6663
122 6794
123 7169
124 7363
125 7370
126 7304
127 7327
128 7146
129 6721
130 6507
131 6045
132 5607
133 5068
134 4652
135 4223
136 3825
137 3372
138 3122
139 2793
140 2427
141 2208
142 1975
143 1765
144 1622
145 1546
146 1452
147 1372
148 1305
149 1234
150 1180
151 1107
152 1029
153 1069
154 1007
155 825
156 751
157 689
158 673
159 663
160 542
161 572
162 541
163 473
164 454
165 445
166 412
167 385
168 351
169 356
170 322
171 339
172 316
173 312
174 321
175 302
176 315
177 325
178 336
179 302
180 328
181 324
182 352
183 355
184 346
185 367
186 399
187 380
188 391
189 395
190 453
191 444
192 461
193 519
194 513
195 508
196 605
197 586
198 592
199 620
200 616
201 623
202 686
203 758
204 731
205 731
206 822
207 794
208 874
209 913
210 985
211 984
212 1030
213 1061
214 1046
215 1049
216 996
217 971
218 896
219 828
220 722
221 643
222 454
223 321
224 234
225 139
226 80
227 48
228 14
229 5
230 1
231 0
232 0
233 0
234 0
235 0
236 0
237 0
238 0
239 0
240 0
241 0
242 0
243 0
244 0
245 0
246 0
247 0
248 0
249 0
250 0
251 0
252 0
253 0
254 0
255 0
