0 51
1 16
2 19
3 20
4 36
5 37
6 21
7 23
8 14
9 12
10 15
11 30
12 30
13 28
14 36
15 41
16 41
17 60
18 66
19 103
20 67
21 79
22 66
23 94
24 77
25 74
26 97
27 128
28 124
29 134
30 144
31 185
32 190
33 213
34 257
35 234
36 281
37 271
38 311
39 362
40 362
41 386
42 382
43 402
44 507
45 471
46 524
47 607
48 599
49 649
50 687
51 675
52 735
53 773
54 761
55 878
56 865
57 901
58 912
59 957
60 956
61 1019
62 1095
63 1053
64 1163
65 1117
66 1168
67 1217
68 1253
69 1230
70 1317
71 1306
72 1308
73 1429
74 1330
75 1458
76 1375
77 1358
78 1499
79 1526
80 1444
81 1560
82 1545
83 1607
84 1504
85 1535
86 1625
87 1571
88 1689
89 1665
90 1654
91 1759
92 1646
93 1697
94 1717
95 1666
96 1691
97 1684
98 1680
99 1727
100 1737
101 1574
102 1744
103 1778
104 1720
105 1726
106 1629
107 1817
108 1742
109 1661
110 1791
111 1783
112 1845
113 1767
114 1797
115 1775
116 1721
117 1681
118 1812
119 1698
120 1712
121 1709
122 1712
123 1763
124 1692
125 1724
126 1649
127 1521
128 1674
129 1665
130 1642
131 1713
132 1601
133 1672
134 1626
135 1702
136 1550
137 1629
138 1615
139 1623
140 1623
141 1555
142 1630
143 1628
144 1608
145 1585
146 1523
147 1598
148 1517
149 1522
150 1508
151 1472
152 1577
153 1377
154 1422
155 1494
156 1440
157 1454
158 1463
159 1499
160 1266
161 1386
162 1352
163 1395
164 1269
165 1239
166 1284
167 1280
168 1296
169 1271
170 1292
171 1261
172 1269
173 1208
174 1215
175 1127
176 1243
177 1199
178 1221
179 1234
180 1128
181 1146
182 1205
183 1149
184 1226
185 1177
186 1216
187 1228
188 1157
189 1133
190 1220
191 1122
192 1240
193 1167
194 1209
195 1171
196 1052
197 1039
198 970
199 956
200 869
201 863
202 746
203 750
204 667
205 670
206 630
207 595
208 574
209 588
210 546
211 553
212 541
213 558
214 556
215 564
216 548
217 588
218 583
219 600
220 549
221 637
222 593
223 579
224 571
225 521
226 521
227 544
228 523
229 576
230 547
231 601
232 644
233 665
234 764
235 828
236 949
237 1114
238 1213
239 1376
240 1469
241 1558
242 1653
243 1652
244 1420
245 1297
246 1161
247 911
248 756
249 586
250 452
251 288
252 174
253 113
254 53
255 29
