0 42
1 17
2 28
3 49
4 37
5 32
6 20
7 9
8 11
9 8
10 15
11 22
12 18
13 33
14 29
15 53
16 60
17 82
18 101
19 111
20 95
21 108
22 82
23 96
24 117
25 105
26 137
27 142
28 170
29 182
30 199
31 208
32 206
33 257
34 277
35 274
36 286
37 314
38 346
39 401
40 421
41 366
42 399
43 450
44 513
45 516
46 545
47 595
48 597
49 584
50 589
51 693
52 728
53 696
54 728
55 761
56 796
57 808
58 853
59 833
60 855
61 902
62 942
63 935
64 859
65 961
66 1003
67 978
68 973
69 936
70 1000
71 1036
72 1051
73 1071
74 1115
75 1089
76 1142
77 1151
78 1182
79 1209
80 1184
81 1223
82 1188
83 1312
84 1341
85 1291
86 1263
87 1393
88 1322
89 1363
90 1324
91 1390
92 1407
93 1407
94 1373
95 1442
96 1440
97 1437
98 1484
99 1490
100 1453
101 1521
102 1515
103 1586
104 1559
105 1622
106 1645
107 1749
108 1754
109 1811
110 1892
111 2031
112 2140
113 2227
114 2284
115 2514
116 2476
117 2632
118 2588
119 2693
120 2706
121 2720
122 2685
123 2673
124 2657
125 2573
126 2475
127 2527
128 2403
129 2312
130 2270
131 2199
132 2269
133 2147
134 2137
135 2107
136 2023
137 2018
138 2013
139 2026
140 1890
141 1922
142 1924
143 1805
144 1885
145 1883
146 1786
147 1821
148 1837
149 1774
150 1831
151 1763
152 1714
153 1729
154 1793
155 1732
156 1785
157 1811
158 1705
159 1726
160 1797
161 1800
162 1773
163 1816
164 1795
165 1807
166 1882
167 1866
168 1851
169 1938
170 1993
171 1995
172 2049
173 2086
174 2115
175 2077
176 2141
177 2240
178 2211
179 2214
180 2270
181 2277
182 2172
183 2257
184 2111
185 2103
186 1981
187 1884
188 1748
189 1627
190 1556
191 1402
192 1247
193 1139
194 1149
195 962
196 873
197 845
198 821
199 698
200 672
201 564
202 547
203 465
204 369
205 316
206 280
207 254
208 164
209 128
210 89
211 61
212 54
213 43
214 27
215 18
216 13
217 14
218 11
219 5
220 9
221 5
222 3
223 1
224 1
225 0
226 0
227 0
228 0
229 0
230 1
231 0
232 0
233 0
234 0
235 0
236 0
237 0
238 0
239 0
240 0
241 0
242 0
243 0
244 0
245 0
246 0
247 0
248 0
249 0
250 0
251 0
252 0
253 0
254 0
255 0
