0 69
1 26
2 38
3 54
4 55
5 84
6 106
7 117
8 117
9 151
10 196
11 225
12 225
13 258
14 291
15 334
16 349
17 394
18 419
19 466
20 473
21 512
22 545
23 633
24 593
25 674
26 743
27 796
28 812
29 862
30 863
31 998
32 1024
33 1089
34 1103
35 1147
36 1201
37 1236
38 1341
39 1395
40 1360
41 1399
42 1451
43 1607
44 1600
45 1688
46 1736
47 1776
48 1874
49 1831
50 1791
51 1911
52 1897
53 1922
54 1950
55 1818
56 1995
57 2028
58 2049
59 1957
60 2063
61 1884
62 2047
63 2081
64 2038
65 2034
66 1948
67 1859
68 1909
69 1898
70 2038
71 1972
72 1861
73 1941
74 1898
75 1901
76 1986
77 1847
78 1860
79 1813
80 1832
81 1764
82 1805
83 1763
84 1783
85 1742
86 1834
87 1710
88 1809
89 1683
90 1673
91 1674
92 1790
93 1608
94 1783
95 1642
96 1696
97 1581
98 1535
99 1539
100 1553
101 1438
102 1456
103 1458
104 1456
105 1458
106 1422
107 1431
108 1447
109 1342
110 1372
111 1319
112 1491
113 1336
114 1312
115 1375
116 1320
117 1232
118 1371
119 1197
120 1306
121 1283
122 1264
123 1177
124 1262
125 1123
126 1221
127 1211
128 0
129 0
130 0
131 0
132 0
133 0
134 0
135 0
136 0
137 0
138 0
139 0
140 0
141 0
142 0
143 0
144 0
145 0
146 0
147 0
148 0
149 0
150 0
151 0
152 0
153 0
154 0
155 0
156 0
157 0
158 0
159 0
160 0
161 0
162 0
163 0
164 0
165 0
166 0
167 0
168 0
169 0
170 0
171 0
172 0
173 0
174 0
175 0
176 0
177 0
178 0
179 0
180 0
181 0
182 0
183 0
184 0
185 0
186 0
187 0
188 0
189 0
190 0
191 0
192 0
193 0
194 0
195 0
196 0
197 0
198 0
199 0
200 0
201 0
202 0
203 0
204 0
205 0
206 0
207 0
208 0
209 0
210 0
211 0
212 0
213 0
214 0
215 0
216 0
217 0
218 0
219 0
220 0
221 0
222 0
223 0
224 0
225 0
226 0
227 0
228 0
229 0
230 0
231 0
232 0
233 0
234 0
235 0
236 0
237 0
238 0
239 0
240 0
241 0
242 0
243 0
244 0
245 0
246 0
247 0
248 0
249 0
250 0
251 0
252 0
253 0
254 0
255 0
