0 0
1 7
2 17
3 30
4 53
5 82
6 95
7 103
8 100
9 126
10 143
11 135
12 161
13 163
14 191
15 183
16 165
17 184
18 163
19 160
20 172
21 168
22 185
23 158
24 177
25 168
26 158
27 164
28 162
29 148
30 174
31 170
32 174
33 183
34 173
35 160
36 164
37 148
38 148
39 133
40 133
41 112
42 114
43 111
44 93
45 100
46 72
47 63
48 61
49 34
50 33
51 28
52 28
53 24
54 21
55 14
56 10
57 11
58 7
59 4
60 3
61 3
62 2
63 3
64 2
65 2
66 4
67 1
68 2
69 3
70 1
71 3
72 5
73 10
74 18
75 28
76 33
77 59
78 85
79 131
80 171
81 227
82 248
83 287
84 364
85 427
86 453
87 516
88 502
89 543
90 520
91 608
92 618
93 619
94 683
95 724
96 741
97 778
98 863
99 967
100 1049
101 1142
102 1310
103 1389
104 1552
105 1739
106 1899
107 2191
108 2458
109 2716
110 2968
111 3463
112 3721
113 4190
114 4482
115 4958
116 5298
117 5645
118 6011
119 6073
120 6396
121 6411
122 6354
123 6270
124 6161
125 6244
126 5869
127 5788
128 5431
129 5149
130 4722
131 4253
132 3994
133 3717
134 3313
135 3154
136 2967
137 2779
138 2669
139 2421
140 2375
141 2220
142 2074
143 2047
144 1956
145 1916
146 1955
147 1881
148 2000
149 2135
150 2124
151 2127
152 2047
153 2085
154 1937
155 1668
156 1452
157 1309
158 1029
159 823
160 668
161 551
162 355
163 269
164 191
165 156
166 145
167 126
168 107
169 93
170 95
171 59
172 72
173 76
174 79
175 93
176 94
177 99
178 123
179 130
180 149
181 151
182 195
183 234
184 256
185 262
186 289
187 322
188 400
189 426
190 462
191 474
192 533
193 567
194 628
195 652
196 637
197 754
198 820
199 794
200 898
201 886
202 898
203 940
204 975
205 1007
206 939
207 1046
208 970
209 976
210 898
211 900
212 907
213 846
214 798
215 809
216 752
217 844
218 790
219 782
220 847
221 823
222 843
223 849
224 811
225 812
226 813
227 800
228 781
229 780
230 820
231 778
232 713
233 739
234 747
235 668
236 620
237 572
238 586
239 521
240 535
241 446
242 481
243 401
244 339
245 287
246 270
247 190
248 160
249 114
250 90
251 61
252 28
253 12
254 6
255 0
