0 1
1 6
2 34
3 50
4 92
5 144
6 153
7 215
8 209
9 217
10 290
11 247
12 271
13 282
14 271
15 293
16 269
17 296
18 296
19 255
20 280
21 253
22 259
23 234
24 281
25 279
26 253
27 212
28 209
29 198
30 225
31 204
32 183
33 182
34 189
35 161
36 165
37 184
38 160
39 166
40 170
41 181
42 155
43 170
44 174
45 178
46 183
47 193
48 184
49 210
50 223
51 210
52 223
53 242
54 286
55 308
56 315
57 334
58 386
59 388
60 388
61 398
62 473
63 472
64 503
65 582
66 584
67 576
68 680
69 658
70 670
71 706
72 689
73 709
74 767
75 827
76 785
77 769
78 859
79 837
80 888
81 938
82 998
83 994
84 1037
85 1060
86 1053
87 1061
88 1046
89 1062
90 1058
91 1069
92 1063
93 1160
94 1012
95 1057
96 1098
97 1156
98 1213
99 1364
100 1537
101 1693
102 1924
103 2085
104 2095
105 2352
106 2470
107 2596
108 2713
109 2872
110 3066
111 3357
112 3461
113 3578
114 3995
115 4280
116 4600
117 4883
118 5220
119 5544
120 5759
121 6005
122 6085
123 6398
124 6538
125 6732
126 6609
127 6720
128 6482
129 6217
130 5972
131 5527
132 4965
133 4551
134 4131
135 3494
136 3173
137 2745
138 2439
139 2076
140 1774
141 1560
142 1324
143 1096
144 963
145 882
146 722
147 641
148 550
149 475
150 415
151 341
152 273
153 251
154 229
155 200
156 172
157 166
158 145
159 147
160 115
161 132
162 118
163 113
164 90
165 88
166 80
167 83
168 66
169 63
170 66
171 60
172 40
173 40
174 45
175 16
176 21
177 17
178 18
179 6
180 2
181 0
182 0
183 1
184 0
185 0
186 0
187 1
188 1
189 0
190 1
191 1
192 0
193 4
194 6
195 10
196 11
197 25
198 28
199 36
200 63
201 88
202 124
203 157
204 199
205 263
206 299
207 358
208 450
209 504
210 556
211 608
212 658
213 778
214 836
215 891
216 885
217 942
218 1012
219 1068
220 1020
221 1031
222 1125
223 1071
224 1156
225 1113
226 1216
227 1153
228 1168
229 1147
230 1149
231 1063
232 1019
233 937
234 834
235 814
236 761
237 665
238 605
239 639
240 511
241 521
242 460
243 465
244 396
245 366
246 319
247 244
248 198
249 141
250 105
251 61
252 39
253 13
254 11
255 0
