0 54
1 32
2 36
3 30
4 22
5 35
6 22
7 24
8 31
9 21
10 37
11 27
12 46
13 43
14 70
15 81
16 93
17 103
18 108
19 130
20 120
21 138
22 132
23 143
24 160
25 167
26 154
27 186
28 202
29 190
30 238
31 273
32 247
33 279
34 280
35 362
36 268
37 351
38 337
39 392
40 392
41 457
42 411
43 442
44 496
45 460
46 552
47 525
48 601
49 598
50 579
51 698
52 601
53 656
54 668
55 688
56 833
57 896
58 856
59 948
60 986
61 1036
62 1116
63 1344
64 1229
65 1436
66 1260
67 1603
68 1493
69 1612
70 1601
71 1768
72 1791
73 1793
74 1603
75 1778
76 1951
77 1804
78 1741
79 1960
80 1746
81 1879
82 1641
83 1863
84 1648
85 1712
86 1696
87 1562
88 1839
89 1795
90 1597
91 1737
92 1775
93 1573
94 1594
95 1610
96 1795
97 1760
98 1496
99 1790
100 1521
101 1661
102 1611
103 1760
104 1583
105 1678
106 1569
107 1627
108 1782
109 1668
110 1643
111 1623
112 1766
113 1689
114 1496
115 1801
116 1556
117 1613
118 1590
119 1554
120 1773
121 1703
122 1471
123 1658
124 1746
125 1580
126 1541
127 1744
128 0
129 0
130 0
131 0
132 0
133 0
134 0
135 0
136 0
137 0
138 0
139 0
140 0
141 0
142 0
143 0
144 0
145 0
146 0
147 0
148 0
149 0
150 0
151 0
152 0
153 0
154 0
155 0
156 0
157 0
158 0
159 0
160 0
161 0
162 0
163 0
164 0
165 0
166 0
167 0
168 0
169 0
170 0
171 0
172 0
173 0
174 0
175 0
176 0
177 0
178 0
179 0
180 0
181 0
182 0
183 0
184 0
185 0
186 0
187 0
188 0
189 0
190 0
191 0
192 0
193 0
194 0
195 0
196 0
197 0
198 0
199 0
200 0
201 0
202 0
203 0
204 0
205 0
206 0
207 0
208 0
209 0
210 0
211 0
212 0
213 0
214 0
215 0
216 0
217 0
218 0
219 0
220 0
221 0
222 0
223 0
224 0
225 0
226 0
227 0
228 0
229 0
230 0
231 0
232 0
233 0
234 0
235 0
236 0
237 0
238 0
239 0
240 0
241 0
242 0
243 0
244 0
245 0
246 0
247 0
248 0
249 0
250 0
251 0
252 0
253 0
254 0
255 0
