0 51
1 16
2 19
3 20
4 36
5 37
6 21
7 23
8 14
9 12
10 15
11 30
12 30
13 28
14 36
15 41
16 41
17 60
18 66
19 103
20 67
21 79
22 66
23 94
24 77
25 74
26 97
27 128
28 124
29 134
30 144
31 185
32 190
33 213
34 257
35 234
36 281
37 271
38 311
39 362
40 362
41 386
42 382
43 402
44 507
45 471
46 524
47 607
48 599
49 649
50 687
51 675
52 735
53 773
54 761
55 878
56 865
57 901
58 912
59 957
60 956
61 1019
62 1095
63 1053
64 1163
65 1117
66 1168
67 1217
68 1253
69 1230
70 1317
71 1306
72 1308
73 1429
74 1330
75 1458
76 1375
77 1358
78 1499
79 1526
80 1444
81 1560
82 1545
83 1607
84 1504
85 1535
86 1625
87 1571
88 1689
89 1665
90 1654
91 1759
92 1646
93 1697
94 1717
95 1666
96 1691
97 1684
98 1680
99 1727
100 1737
101 1574
102 1744
103 1778
104 1720
105 1726
106 1629
107 1817
108 1742
109 1661
110 1791
111 1783
112 1845
113 1767
114 1797
115 1775
116 1721
117 1681
118 1812
119 1698
120 1712
121 1709
122 1712
123 1763
124 1692
125 1724
126 1649
127 1521
128 0
129 0
130 0
131 0
132 0
133 0
134 0
135 0
136 0
137 0
138 0
139 0
140 0
141 0
142 0
143 0
144 0
145 0
146 0
147 0
148 0
149 0
150 0
151 0
152 0
153 0
154 0
155 0
156 0
157 0
158 0
159 0
160 0
161 0
162 0
163 0
164 0
165 0
166 0
167 0
168 0
169 0
170 0
171 0
172 0
173 0
174 0
175 0
176 0
177 0
178 0
179 0
180 0
181 0
182 0
183 0
184 0
185 0
186 0
187 0
188 0
189 0
190 0
191 0
192 0
193 0
194 0
195 0
196 0
197 0
198 0
199 0
200 0
201 0
202 0
203 0
204 0
205 0
206 0
207 0
208 0
209 0
210 0
211 0
212 0
213 0
214 0
215 0
216 0
217 0
218 0
219 0
220 0
221 0
222 0
223 0
224 0
225 0
226 0
227 0
228 0
229 0
230 0
231 0
232 0
233 0
234 0
235 0
236 0
237 0
238 0
239 0
240 0
241 0
242 0
243 0
244 0
245 0
246 0
247 0
248 0
249 0
250 0
251 0
252 0
253 0
254 0
255 0
