0 487
1 170
2 116
3 106
4 72
5 73
6 50
7 47
8 48
9 37
10 54
11 69
12 74
13 91
14 112
15 127
16 135
17 183
18 195
19 220
20 235
21 267
22 232
23 287
24 306
25 309
26 358
27 385
28 474
29 481
30 542
31 616
32 690
33 813
34 934
35 1050
36 1182
37 1347
38 1535
39 1672
40 1785
41 1811
42 1915
43 2035
44 2205
45 2095
46 2145
47 2126
48 2038
49 1951
50 1839
51 1877
52 1737
53 1674
54 1614
55 1615
56 1572
57 1520
58 1589
59 1473
60 1496
61 1474
62 1496
63 1438
64 1350
65 1434
66 1442
67 1406
68 1339
69 1253
70 1295
71 1318
72 1362
73 1341
74 1359
75 1292
76 1322
77 1332
78 1362
79 1338
80 1325
81 1384
82 1350
83 1452
84 1455
85 1452
86 1426
87 1537
88 1425
89 1461
90 1429
91 1432
92 1441
93 1402
94 1352
95 1367
96 1343
97 1244
98 1327
99 1286
100 1210
101 1254
102 1200
103 1247
104 1193
105 1203
106 1229
107 1237
108 1178
109 1139
110 1094
111 1110
112 1036
113 1013
114 868
115 870
116 742
117 679
118 546
119 480
120 364
121 274
122 192
123 99
124 58
125 23
126 7
127 0
128 0
129 0
130 0
131 0
132 0
133 0
134 0
135 0
136 0
137 0
138 0
139 0
140 0
141 0
142 0
143 0
144 0
145 0
146 0
147 0
148 0
149 0
150 0
151 0
152 0
153 0
154 0
155 0
156 0
157 0
158 0
159 0
160 0
161 0
162 0
163 0
164 0
165 0
166 0
167 0
168 0
169 0
170 0
171 0
172 0
173 0
174 0
175 0
176 0
177 0
178 0
179 0
180 0
181 0
182 0
183 0
184 0
185 0
186 0
187 0
188 0
189 0
190 0
191 0
192 0
193 0
194 0
195 0
196 0
197 0
198 0
199 0
200 0
201 0
202 0
203 0
204 0
205 0
206 0
207 0
208 0
209 0
210 0
211 0
212 0
213 0
214 0
215 0
216 0
217 0
218 0
219 0
220 0
221 0
222 0
223 0
224 0
225 0
226 0
227 0
228 0
229 0
230 0
231 0
232 0
233 0
234 0
235 0
236 0
237 0
238 0
239 0
240 0
241 0
242 0
243 0
244 0
245 0
246 0
247 0
248 0
249 0
250 0
251 0
252 0
253 0
254 0
255 0
