-255 0
-254 0
-253 0
-252 0
-251 0
-250 0
-249 0
-248 0
-247 0
-246 0
-245 0
-244 0
-243 0
-242 0
-241 0
-240 0
-239 0
-238 0
-237 0
-236 0
-235 0
-234 0
-233 0
-232 0
-231 0
-230 0
-229 0
-228 0
-227 0
-226 0
-225 0
-224 0
-223 0
-222 0
-221 0
-220 0
-219 0
-218 0
-217 0
-216 0
-215 0
-214 0
-213 0
-212 0
-211 0
-210 0
-209 0
-208 0
-207 0
-206 0
-205 0
-204 0
-203 0
-202 0
-201 0
-200 0
-199 0
-198 0
-197 0
-196 0
-195 0
-194 0
-193 0
-192 0
-191 0
-190 0
-189 0
-188 0
-187 0
-186 0
-185 0
-184 0
-183 0
-182 0
-181 0
-180 0
-179 0
-178 0
-177 0
-176 0
-175 0
-174 0
-173 0
-172 0
-171 0
-170 0
-169 0
-168 0
-167 0
-166 0
-165 0
-164 0
-163 0
-162 0
-161 0
-160 0
-159 0
-158 0
-157 0
-156 0
-155 0
-154 0
-153 0
-152 0
-151 0
-150 0
-149 0
-148 0
-147 0
-146 0
-145 0
-144 0
-143 0
-142 0
-141 0
-140 0
-139 0
-138 0
-137 0
-136 0
-135 0
-134 0
-133 0
-132 0
-131 0
-130 0
-129 0
-128 21
-127 14
-126 15
-125 7
-124 9
-123 13
-122 14
-121 11
-120 15
-119 13
-118 11
-117 16
-116 11
-115 18
-114 10
-113 22
-112 20
-111 15
-110 14
-109 16
-108 36
-107 20
-106 29
-105 32
-104 32
-103 38
-102 37
-101 41
-100 41
-99 50
-98 58
-97 58
-96 46
-95 77
-94 63
-93 59
-92 64
-91 91
-90 80
-89 70
-88 95
-87 88
-86 88
-85 95
-84 101
-83 117
-82 122
-81 128
-80 121
-79 147
-78 132
-77 146
-76 134
-75 140
-74 177
-73 153
-72 171
-71 169
-70 195
-69 181
-68 218
-67 223
-66 211
-65 249
-64 264
-63 257
-62 276
-61 274
-60 283
-59 293
-58 300
-57 328
-56 374
-55 372
-54 373
-53 451
-52 474
-51 440
-50 473
-49 502
-48 458
-47 553
-46 588
-45 623
-44 614
-43 657
-42 683
-41 723
-40 796
-39 765
-38 856
-37 853
-36 895
-35 961
-34 1051
-33 1085
-32 1177
-31 1160
-30 1225
-29 1283
-28 1388
-27 1475
-26 1588
-25 1684
-24 1770
-23 1858
-22 2048
-21 2060
-20 2222
-19 2362
-18 2573
-17 2645
-16 2843
-15 2993
-14 3106
-13 3349
-12 3495
-11 3798
-10 4040
-9 4327
-8 4622
-7 4790
-6 5181
-5 5580
-4 6252
-3 6832
-2 7182
-1 7850
0 0
1 8019
2 7824
3 7402
4 6769
5 6163
6 5585
7 5277
8 4802
9 4329
10 4091
11 3964
12 3602
13 3423
14 3252
15 3131
16 2950
17 2726
18 2548
19 2410
20 2223
21 2096
22 2089
23 1919
24 1780
25 1756
26 1574
27 1497
28 1497
29 1400
30 1297
31 1314
32 1214
33 1142
34 1036
35 1029
36 983
37 937
38 884
39 858
40 852
41 776
42 753
43 675
44 655
45 628
46 576
47 553
48 546
49 542
50 501
51 507
52 397
53 421
54 425
55 401
56 409
57 363
58 338
59 345
60 323
61 298
62 317
63 282
64 317
65 238
66 251
67 243
68 251
69 226
70 214
71 206
72 195
73 185
74 176
75 162
76 161
77 159
78 141
79 160
80 130
81 120
82 148
83 120
84 116
85 111
86 108
87 116
88 88
89 103
90 84
91 89
92 97
93 69
94 71
95 57
96 59
97 56
98 62
99 70
100 49
101 45
102 36
103 46
104 41
105 34
106 40
107 39
108 33
109 38
110 25
111 28
112 26
113 23
114 21
115 19
116 25
117 20
118 12
119 15
120 27
121 16
122 14
123 10
124 11
125 11
126 14
127 17
128 14
129 0
130 0
131 0
132 0
133 0
134 0
135 0
136 0
137 0
138 0
139 0
140 0
141 0
142 0
143 0
144 0
145 0
146 0
147 0
148 0
149 0
150 0
151 0
152 0
153 0
154 0
155 0
156 0
157 0
158 0
159 0
160 0
161 0
162 0
163 0
164 0
165 0
166 0
167 0
168 0
169 0
170 0
171 0
172 0
173 0
174 0
175 0
176 0
177 0
178 0
179 0
180 0
181 0
182 0
183 0
184 0
185 0
186 0
187 0
188 0
189 0
190 0
191 0
192 0
193 0
194 0
195 0
196 0
197 0
198 0
199 0
200 0
201 0
202 0
203 0
204 0
205 0
206 0
207 0
208 0
209 0
210 0
211 0
212 0
213 0
214 0
215 0
216 0
217 0
218 0
219 0
220 0
221 0
222 0
223 0
224 0
225 0
226 0
227 0
228 0
229 0
230 0
231 0
232 0
233 0
234 0
235 0
236 0
237 0
238 0
239 0
240 0
241 0
242 0
243 0
244 0
245 0
246 0
247 0
248 0
249 0
250 0
251 0
252 0
253 0
254 0
255 0
256 0
