-255 0
-254 0
-253 0
-252 0
-251 0
-250 0
-249 0
-248 0
-247 0
-246 0
-245 0
-244 0
-243 0
-242 0
-241 0
-240 0
-239 0
-238 0
-237 0
-236 0
-235 0
-234 0
-233 0
-232 0
-231 0
-230 0
-229 0
-228 0
-227 0
-226 0
-225 0
-224 0
-223 0
-222 0
-221 0
-220 0
-219 0
-218 0
-217 0
-216 0
-215 0
-214 0
-213 0
-212 0
-211 0
-210 0
-209 0
-208 0
-207 0
-206 0
-205 0
-204 0
-203 0
-202 0
-201 0
-200 0
-199 0
-198 0
-197 0
-196 0
-195 0
-194 0
-193 0
-192 0
-191 0
-190 0
-189 0
-188 0
-187 0
-186 0
-185 0
-184 0
-183 0
-182 0
-181 0
-180 0
-179 0
-178 0
-177 0
-176 0
-175 0
-174 0
-173 0
-172 0
-171 0
-170 0
-169 0
-168 0
-167 0
-166 0
-165 0
-164 0
-163 0
-162 0
-161 0
-160 0
-159 0
-158 0
-157 0
-156 0
-155 0
-154 0
-153 0
-152 0
-151 0
-150 0
-149 0
-148 0
-147 0
-146 0
-145 0
-144 0
-143 0
-142 0
-141 0
-140 0
-139 0
-138 0
-137 0
-136 0
-135 0
-134 0
-133 0
-132 0
-131 0
-130 0
-129 0
-128 18
-127 20
-126 18
-125 22
-124 19
-123 18
-122 23
-121 20
-120 17
-119 28
-118 31
-117 34
-116 35
-115 27
-114 42
-113 35
-112 24
-111 49
-110 35
-109 42
-108 42
-107 46
-106 50
-105 61
-104 70
-103 60
-102 72
-101 64
-100 60
-99 72
-98 86
-97 93
-96 92
-95 100
-94 83
-93 119
-92 113
-91 131
-90 134
-89 150
-88 163
-87 148
-86 128
-85 145
-84 166
-83 167
-82 177
-81 194
-80 185
-79 204
-78 224
-77 231
-76 232
-75 253
-74 251
-73 235
-72 254
-71 308
-70 273
-69 309
-68 314
-67 301
-66 359
-65 349
-64 367
-63 385
-62 366
-61 401
-60 390
-59 370
-58 456
-57 467
-56 506
-55 444
-54 481
-53 551
-52 582
-51 545
-50 603
-49 576
-48 628
-47 626
-46 657
-45 665
-44 674
-43 741
-42 765
-41 794
-40 827
-39 858
-38 899
-37 946
-36 1028
-35 1000
-34 1083
-33 1056
-32 1067
-31 1198
-30 1264
-29 1266
-28 1412
-27 1499
-26 1504
-25 1579
-24 1684
-23 1799
-22 1799
-21 1927
-20 2046
-19 2115
-18 2237
-17 2442
-16 2560
-15 2703
-14 2875
-13 3067
-12 3238
-11 3408
-10 3544
-9 3865
-8 4071
-7 4403
-6 4714
-5 5211
-4 5961
-3 6357
-2 7087
-1 7528
0 0
1 7743
2 7497
3 7019
4 6524
5 5935
6 5204
7 4861
8 4450
9 4199
10 3844
11 3674
12 3562
13 3255
14 3119
15 3004
16 2900
17 2721
18 2473
19 2338
20 2213
21 2144
22 2044
23 1862
24 1801
25 1684
26 1616
27 1555
28 1493
29 1407
30 1389
31 1275
32 1229
33 1189
34 1118
35 1074
36 1103
37 1002
38 946
39 887
40 866
41 843
42 817
43 858
44 811
45 747
46 729
47 685
48 682
49 641
50 605
51 676
52 582
53 542
54 608
55 512
56 498
57 492
58 430
59 459
60 413
61 447
62 397
63 396
64 365
65 335
66 329
67 329
68 327
69 305
70 287
71 297
72 299
73 252
74 234
75 247
76 240
77 207
78 196
79 225
80 233
81 178
82 172
83 172
84 170
85 148
86 159
87 147
88 142
89 137
90 122
91 105
92 117
93 107
94 103
95 92
96 95
97 72
98 71
99 69
100 79
101 57
102 72
103 65
104 49
105 57
106 42
107 54
108 47
109 44
110 37
111 20
112 34
113 26
114 33
115 26
116 26
117 18
118 17
119 18
120 23
121 25
122 24
123 14
124 13
125 14
126 13
127 15
128 16
129 0
130 0
131 0
132 0
133 0
134 0
135 0
136 0
137 0
138 0
139 0
140 0
141 0
142 0
143 0
144 0
145 0
146 0
147 0
148 0
149 0
150 0
151 0
152 0
153 0
154 0
155 0
156 0
157 0
158 0
159 0
160 0
161 0
162 0
163 0
164 0
165 0
166 0
167 0
168 0
169 0
170 0
171 0
172 0
173 0
174 0
175 0
176 0
177 0
178 0
179 0
180 0
181 0
182 0
183 0
184 0
185 0
186 0
187 0
188 0
189 0
190 0
191 0
192 0
193 0
194 0
195 0
196 0
197 0
198 0
199 0
200 0
201 0
202 0
203 0
204 0
205 0
206 0
207 0
208 0
209 0
210 0
211 0
212 0
213 0
214 0
215 0
216 0
217 0
218 0
219 0
220 0
221 0
222 0
223 0
224 0
225 0
226 0
227 0
228 0
229 0
230 0
231 0
232 0
233 0
234 0
235 0
236 0
237 0
238 0
239 0
240 0
241 0
242 0
243 0
244 0
245 0
246 0
247 0
248 0
249 0
250 0
251 0
252 0
253 0
254 0
255 0
256 0
