-255 0
-254 0
-253 0
-252 0
-251 0
-250 0
-249 0
-248 0
-247 0
-246 0
-245 0
-244 0
-243 0
-242 0
-241 0
-240 0
-239 0
-238 0
-237 0
-236 0
-235 0
-234 0
-233 0
-232 0
-231 0
-230 0
-229 0
-228 0
-227 0
-226 0
-225 0
-224 0
-223 0
-222 0
-221 0
-220 0
-219 0
-218 0
-217 0
-216 0
-215 0
-214 0
-213 0
-212 0
-211 0
-210 0
-209 0
-208 0
-207 0
-206 0
-205 0
-204 0
-203 0
-202 0
-201 0
-200 0
-199 0
-198 0
-197 0
-196 0
-195 0
-194 0
-193 0
-192 0
-191 0
-190 0
-189 0
-188 0
-187 0
-186 0
-185 0
-184 0
-183 0
-182 0
-181 0
-180 0
-179 0
-178 0
-177 0
-176 0
-175 0
-174 0
-173 0
-172 0
-171 0
-170 0
-169 0
-168 0
-167 0
-166 0
-165 0
-164 0
-163 0
-162 0
-161 0
-160 0
-159 0
-158 0
-157 0
-156 0
-155 0
-154 0
-153 0
-152 0
-151 0
-150 0
-149 0
-148 0
-147 0
-146 0
-145 0
-144 0
-143 0
-142 0
-141 0
-140 0
-139 0
-138 0
-137 0
-136 0
-135 0
-134 0
-133 0
-132 0
-131 0
-130 0
-129 0
-128 46
-127 56
-126 63
-125 63
-124 58
-123 46
-122 53
-121 63
-120 81
-119 54
-118 78
-117 66
-116 66
-115 71
-114 81
-113 80
-112 73
-111 78
-110 95
-109 74
-108 94
-107 87
-106 92
-105 93
-104 91
-103 97
-102 126
-101 106
-100 140
-99 133
-98 144
-97 137
-96 149
-95 146
-94 120
-93 171
-92 155
-91 175
-90 171
-89 181
-88 187
-87 187
-86 199
-85 217
-84 221
-83 241
-82 258
-81 263
-80 245
-79 250
-78 272
-77 283
-76 270
-75 324
-74 309
-73 328
-72 316
-71 353
-70 353
-69 352
-68 383
-67 367
-66 413
-65 427
-64 415
-63 426
-62 454
-61 475
-60 478
-59 530
-58 504
-57 546
-56 562
-55 555
-54 579
-53 589
-52 619
-51 682
-50 643
-49 659
-48 718
-47 719
-46 729
-45 781
-44 829
-43 802
-42 856
-41 905
-40 963
-39 976
-38 952
-37 1037
-36 1061
-35 1116
-34 1207
-33 1207
-32 1242
-31 1264
-30 1355
-29 1342
-28 1475
-27 1544
-26 1631
-25 1641
-24 1723
-23 1746
-22 1836
-21 1976
-20 2123
-19 2224
-18 2314
-17 2489
-16 2573
-15 2659
-14 2787
-13 2967
-12 3064
-11 3254
-10 3399
-9 3600
-8 3732
-7 4079
-6 4376
-5 4784
-4 5119
-3 5817
-2 6124
-1 6380
0 0
1 6770
2 6553
3 6354
4 5764
5 5240
6 4849
7 4365
8 3987
9 3798
10 3557
11 3442
12 3246
13 3099
14 2856
15 2701
16 2691
17 2581
18 2420
19 2280
20 2111
21 2022
22 1952
23 1927
24 1831
25 1701
26 1618
27 1656
28 1546
29 1506
30 1427
31 1395
32 1280
33 1286
34 1237
35 1164
36 1103
37 1100
38 1059
39 1105
40 884
41 946
42 915
43 872
44 816
45 895
46 820
47 725
48 708
49 732
50 700
51 657
52 639
53 651
54 595
55 653
56 565
57 585
58 522
59 537
60 527
61 536
62 504
63 470
64 444
65 470
66 411
67 414
68 427
69 376
70 340
71 339
72 336
73 328
74 331
75 352
76 319
77 296
78 284
79 307
80 275
81 245
82 247
83 228
84 235
85 215
86 243
87 180
88 196
89 190
90 178
91 189
92 170
93 161
94 184
95 159
96 152
97 140
98 149
99 125
100 129
101 95
102 118
103 102
104 115
105 106
106 87
107 84
108 78
109 85
110 89
111 75
112 77
113 84
114 86
115 70
116 59
117 67
118 76
119 73
120 63
121 81
122 60
123 70
124 53
125 53
126 45
127 55
128 57
129 0
130 0
131 0
132 0
133 0
134 0
135 0
136 0
137 0
138 0
139 0
140 0
141 0
142 0
143 0
144 0
145 0
146 0
147 0
148 0
149 0
150 0
151 0
152 0
153 0
154 0
155 0
156 0
157 0
158 0
159 0
160 0
161 0
162 0
163 0
164 0
165 0
166 0
167 0
168 0
169 0
170 0
171 0
172 0
173 0
174 0
175 0
176 0
177 0
178 0
179 0
180 0
181 0
182 0
183 0
184 0
185 0
186 0
187 0
188 0
189 0
190 0
191 0
192 0
193 0
194 0
195 0
196 0
197 0
198 0
199 0
200 0
201 0
202 0
203 0
204 0
205 0
206 0
207 0
208 0
209 0
210 0
211 0
212 0
213 0
214 0
215 0
216 0
217 0
218 0
219 0
220 0
221 0
222 0
223 0
224 0
225 0
226 0
227 0
228 0
229 0
230 0
231 0
232 0
233 0
234 0
235 0
236 0
237 0
238 0
239 0
240 0
241 0
242 0
243 0
244 0
245 0
246 0
247 0
248 0
249 0
250 0
251 0
252 0
253 0
254 0
255 0
256 0
