-255 0
-254 0
-253 0
-252 0
-251 0
-250 0
-249 0
-248 0
-247 0
-246 0
-245 0
-244 0
-243 0
-242 0
-241 0
-240 0
-239 0
-238 0
-237 0
-236 0
-235 0
-234 0
-233 0
-232 0
-231 0
-230 0
-229 0
-228 0
-227 0
-226 0
-225 0
-224 0
-223 0
-222 0
-221 0
-220 0
-219 0
-218 0
-217 0
-216 0
-215 0
-214 0
-213 0
-212 0
-211 0
-210 0
-209 0
-208 0
-207 0
-206 0
-205 0
-204 0
-203 0
-202 0
-201 0
-200 0
-199 0
-198 0
-197 0
-196 0
-195 0
-194 0
-193 0
-192 0
-191 0
-190 0
-189 0
-188 0
-187 0
-186 0
-185 0
-184 0
-183 0
-182 0
-181 0
-180 0
-179 0
-178 0
-177 0
-176 0
-175 0
-174 0
-173 0
-172 0
-171 0
-170 0
-169 0
-168 0
-167 0
-166 0
-165 0
-164 0
-163 0
-162 0
-161 0
-160 0
-159 0
-158 0
-157 0
-156 0
-155 0
-154 0
-153 0
-152 0
-151 0
-150 0
-149 0
-148 0
-147 0
-146 0
-145 0
-144 0
-143 0
-142 0
-141 0
-140 0
-139 0
-138 0
-137 0
-136 0
-135 0
-134 0
-133 0
-132 0
-131 0
-130 0
-129 0
-128 405
-127 416
-126 382
-125 415
-124 386
-123 390
-122 385
-121 408
-120 388
-119 393
-118 375
-117 363
-116 400
-115 383
-114 345
-113 375
-112 365
-111 334
-110 346
-109 325
-108 367
-107 353
-106 343
-105 359
-104 346
-103 322
-102 321
-101 316
-100 299
-99 326
-98 361
-97 294
-96 347
-95 289
-94 321
-93 376
-92 332
-91 331
-90 340
-89 352
-88 328
-87 293
-86 358
-85 336
-84 354
-83 315
-82 321
-81 320
-80 323
-79 305
-78 289
-77 302
-76 291
-75 339
-74 269
-73 283
-72 304
-71 282
-70 248
-69 254
-68 277
-67 261
-66 250
-65 277
-64 263
-63 281
-62 298
-61 297
-60 269
-59 298
-58 297
-57 293
-56 306
-55 319
-54 325
-53 297
-52 310
-51 372
-50 386
-49 372
-48 384
-47 377
-46 402
-45 376
-44 444
-43 444
-42 460
-41 488
-40 505
-39 555
-38 555
-37 626
-36 653
-35 644
-34 700
-33 758
-32 766
-31 860
-30 831
-29 931
-28 967
-27 1015
-26 1162
-25 1183
-24 1265
-23 1381
-22 1406
-21 1602
-20 1664
-19 1795
-18 1943
-17 2066
-16 2302
-15 2297
-14 2520
-13 2786
-12 2775
-11 3147
-10 3244
-9 3615
-8 3799
-7 4060
-6 4482
-5 4781
-4 5362
-3 6073
-2 6775
-1 7517
0 0
1 13382
2 7812
3 7051
4 6203
5 5404
6 4722
7 4332
8 3901
9 3677
10 3470
11 3165
12 2979
13 2810
14 2531
15 2370
16 2154
17 2144
18 1985
19 1827
20 1704
21 1590
22 1558
23 1418
24 1372
25 1313
26 1186
27 1147
28 1117
29 1040
30 961
31 967
32 861
33 861
34 815
35 782
36 759
37 734
38 709
39 688
40 640
41 605
42 649
43 574
44 574
45 531
46 524
47 509
48 554
49 527
50 465
51 493
52 477
53 446
54 425
55 439
56 446
57 427
58 439
59 406
60 402
61 423
62 404
63 395
64 430
65 368
66 391
67 375
68 433
69 397
70 392
71 356
72 430
73 381
74 378
75 374
76 403
77 417
78 414
79 376
80 421
81 410
82 434
83 421
84 388
85 400
86 404
87 396
88 425
89 387
90 389
91 442
92 386
93 382
94 401
95 407
96 398
97 385
98 384
99 389
100 371
101 379
102 377
103 367
104 387
105 395
106 384
107 367
108 409
109 379
110 425
111 375
112 382
113 395
114 365
115 409
116 405
117 370
118 405
119 385
120 377
121 383
122 382
123 432
124 418
125 418
126 383
127 380
128 422
129 0
130 0
131 0
132 0
133 0
134 0
135 0
136 0
137 0
138 0
139 0
140 0
141 0
142 0
143 0
144 0
145 0
146 0
147 0
148 0
149 0
150 0
151 0
152 0
153 0
154 0
155 0
156 0
157 0
158 0
159 0
160 0
161 0
162 0
163 0
164 0
165 0
166 0
167 0
168 0
169 0
170 0
171 0
172 0
173 0
174 0
175 0
176 0
177 0
178 0
179 0
180 0
181 0
182 0
183 0
184 0
185 0
186 0
187 0
188 0
189 0
190 0
191 0
192 0
193 0
194 0
195 0
196 0
197 0
198 0
199 0
200 0
201 0
202 0
203 0
204 0
205 0
206 0
207 0
208 0
209 0
210 0
211 0
212 0
213 0
214 0
215 0
216 0
217 0
218 0
219 0
220 0
221 0
222 0
223 0
224 0
225 0
226 0
227 0
228 0
229 0
230 0
231 0
232 0
233 0
234 0
235 0
236 0
237 0
238 0
239 0
240 0
241 0
242 0
243 0
244 0
245 0
246 0
247 0
248 0
249 0
250 0
251 0
252 0
253 0
254 0
255 0
256 0
