-255 0
-254 0
-253 0
-252 0
-251 0
-250 0
-249 0
-248 0
-247 0
-246 0
-245 0
-244 0
-243 0
-242 0
-241 0
-240 0
-239 0
-238 0
-237 0
-236 0
-235 0
-234 0
-233 0
-232 0
-231 0
-230 0
-229 0
-228 0
-227 0
-226 0
-225 0
-224 1
-223 0
-222 0
-221 0
-220 0
-219 0
-218 1
-217 0
-216 0
-215 0
-214 0
-213 1
-212 0
-211 0
-210 0
-209 0
-208 0
-207 0
-206 0
-205 0
-204 0
-203 1
-202 1
-201 1
-200 1
-199 0
-198 2
-197 0
-196 1
-195 0
-194 0
-193 1
-192 0
-191 0
-190 0
-189 1
-188 1
-187 0
-186 1
-185 1
-184 0
-183 0
-182 1
-181 0
-180 2
-179 3
-178 3
-177 1
-176 4
-175 1
-174 2
-173 2
-172 3
-171 4
-170 1
-169 3
-168 6
-167 3
-166 1
-165 0
-164 1
-163 4
-162 0
-161 5
-160 1
-159 3
-158 1
-157 3
-156 4
-155 3
-154 8
-153 4
-152 6
-151 3
-150 3
-149 12
-148 11
-147 10
-146 12
-145 16
-144 8
-143 12
-142 9
-141 12
-140 10
-139 11
-138 13
-137 10
-136 18
-135 23
-134 18
-133 27
-132 22
-131 25
-130 39
-129 32
-128 49
-127 56
-126 66
-125 78
-124 75
-123 96
-122 105
-121 102
-120 129
-119 119
-118 138
-117 142
-116 125
-115 135
-114 145
-113 149
-112 158
-111 146
-110 169
-109 172
-108 137
-107 139
-106 149
-105 137
-104 166
-103 129
-102 116
-101 129
-100 157
-99 128
-98 128
-97 154
-96 156
-95 147
-94 162
-93 176
-92 140
-91 154
-90 189
-89 209
-88 228
-87 256
-86 273
-85 271
-84 317
-83 337
-82 383
-81 365
-80 340
-79 373
-78 397
-77 357
-76 363
-75 399
-74 379
-73 388
-72 380
-71 380
-70 386
-69 397
-68 378
-67 418
-66 381
-65 355
-64 388
-63 400
-62 409
-61 399
-60 364
-59 440
-58 405
-57 442
-56 476
-55 493
-54 478
-53 476
-52 451
-51 452
-50 502
-49 498
-48 523
-47 545
-46 569
-45 667
-44 627
-43 752
-42 741
-41 873
-40 895
-39 989
-38 919
-37 987
-36 1028
-35 985
-34 904
-33 948
-32 963
-31 970
-30 1005
-29 1021
-28 1161
-27 1210
-26 1280
-25 1215
-24 1136
-23 1077
-22 1039
-21 1004
-20 977
-19 1040
-18 1152
-17 1229
-16 1409
-15 1599
-14 1758
-13 1970
-12 2161
-11 2404
-10 2778
-9 3106
-8 3487
-7 4153
-6 4857
-5 5864
-4 6888
-3 8011
-2 9234
-1 10064
0 0
1 21431
2 9998
3 9105
4 8214
5 7043
6 5871
7 4878
8 4254
9 3625
10 3157
11 2603
12 2440
13 2252
14 2028
15 1774
16 1620
17 1363
18 1162
19 1014
20 944
21 903
22 868
23 813
24 842
25 896
26 940
27 948
28 965
29 940
30 811
31 771
32 705
33 689
34 730
35 703
36 697
37 690
38 694
39 792
40 748
41 797
42 716
43 698
44 616
45 560
46 608
47 522
48 511
49 497
50 483
51 491
52 472
53 464
54 433
55 424
56 452
57 437
58 429
59 445
60 445
61 359
62 410
63 373
64 382
65 351
66 387
67 343
68 347
69 325
70 364
71 379
72 412
73 363
74 368
75 412
76 402
77 394
78 425
79 466
80 465
81 472
82 444
83 432
84 451
85 393
86 378
87 373
88 337
89 326
90 280
91 290
92 250
93 253
94 233
95 210
96 218
97 196
98 205
99 186
100 148
101 150
102 167
103 144
104 128
105 124
106 132
107 141
108 128
109 132
110 129
111 138
112 137
113 158
114 150
115 172
116 175
117 149
118 176
119 148
120 183
121 165
122 143
123 150
124 152
125 156
126 147
127 195
128 210
129 199
130 107
131 84
132 58
133 48
134 37
135 43
136 22
137 29
138 30
139 18
140 13
141 11
142 12
143 18
144 8
145 4
146 8
147 13
148 4
149 8
150 6
151 3
152 5
153 3
154 6
155 4
156 3
157 6
158 1
159 5
160 0
161 3
162 2
163 0
164 1
165 6
166 4
167 1
168 4
169 1
170 0
171 3
172 1
173 0
174 0
175 0
176 2
177 1
178 1
179 1
180 0
181 0
182 0
183 0
184 0
185 2
186 1
187 3
188 2
189 2
190 3
191 4
192 5
193 5
194 7
195 4
196 1
197 3
198 7
199 5
200 7
201 9
202 10
203 9
204 3
205 3
206 7
207 12
208 5
209 3
210 7
211 8
212 5
213 6
214 8
215 5
216 7
217 6
218 4
219 1
220 4
221 5
222 6
223 3
224 1
225 7
226 4
227 4
228 7
229 1
230 1
231 2
232 1
233 2
234 1
235 0
236 1
237 1
238 1
239 1
240 1
241 1
242 0
243 2
244 0
245 0
246 0
247 0
248 1
249 0
250 0
251 0
252 0
253 0
254 0
255 0
256 0
