-255 0
-254 0
-253 0
-252 0
-251 0
-250 0
-249 0
-248 0
-247 0
-246 2
-245 0
-244 1
-243 1
-242 1
-241 0
-240 2
-239 0
-238 1
-237 1
-236 1
-235 0
-234 0
-233 1
-232 0
-231 1
-230 2
-229 2
-228 2
-227 0
-226 1
-225 0
-224 0
-223 0
-222 0
-221 1
-220 1
-219 0
-218 0
-217 1
-216 3
-215 0
-214 2
-213 2
-212 2
-211 0
-210 2
-209 2
-208 5
-207 5
-206 2
-205 4
-204 5
-203 6
-202 8
-201 9
-200 7
-199 5
-198 8
-197 5
-196 4
-195 3
-194 6
-193 0
-192 2
-191 2
-190 2
-189 3
-188 1
-187 2
-186 2
-185 2
-184 2
-183 1
-182 0
-181 0
-180 1
-179 0
-178 0
-177 1
-176 0
-175 0
-174 1
-173 1
-172 0
-171 2
-170 1
-169 3
-168 1
-167 5
-166 8
-165 9
-164 15
-163 15
-162 16
-161 8
-160 15
-159 13
-158 12
-157 11
-156 12
-155 9
-154 19
-153 13
-152 15
-151 10
-150 16
-149 9
-148 22
-147 17
-146 17
-145 18
-144 18
-143 27
-142 24
-141 24
-140 31
-139 38
-138 45
-137 45
-136 53
-135 61
-134 78
-133 101
-132 134
-131 152
-130 176
-129 196
-128 235
-127 263
-126 342
-125 389
-124 411
-123 458
-122 404
-121 492
-120 475
-119 449
-118 491
-117 495
-116 515
-115 482
-114 456
-113 446
-112 412
-111 385
-110 384
-109 377
-108 357
-107 312
-106 273
-105 256
-104 258
-103 257
-102 246
-101 258
-100 238
-99 242
-98 217
-97 250
-96 266
-95 276
-94 263
-93 264
-92 290
-91 317
-90 344
-89 379
-88 390
-87 418
-86 441
-85 452
-84 481
-83 473
-82 453
-81 430
-80 437
-79 404
-78 434
-77 394
-76 355
-75 366
-74 304
-73 288
-72 244
-71 235
-70 204
-69 185
-68 158
-67 145
-66 112
-65 117
-64 101
-63 80
-62 69
-61 90
-60 54
-59 61
-58 55
-57 56
-56 56
-55 72
-54 74
-53 92
-52 101
-51 105
-50 125
-49 186
-48 172
-47 214
-46 224
-45 290
-44 384
-43 470
-42 544
-41 660
-40 746
-39 743
-38 792
-37 748
-36 713
-35 660
-34 584
-33 565
-32 473
-31 525
-30 437
-29 446
-28 399
-27 422
-26 410
-25 434
-24 483
-23 481
-22 518
-21 595
-20 624
-19 707
-18 905
-17 1022
-16 1177
-15 1349
-14 1626
-13 1918
-12 2186
-11 2635
-10 3096
-9 3655
-8 4230
-7 4903
-6 5804
-5 6909
-4 7730
-3 9035
-2 9849
-1 10667
0 0
1 22517
2 10786
3 9922
4 9031
5 7971
6 6916
7 5748
8 5075
9 4265
10 3655
11 3080
12 2672
13 2319
14 1943
15 1624
16 1357
17 1148
18 989
19 876
20 771
21 663
22 593
23 530
24 488
25 408
26 401
27 433
28 397
29 398
30 382
31 437
32 433
33 495
34 520
35 487
36 588
37 674
38 704
39 754
40 792
41 743
42 657
43 583
44 438
45 344
46 306
47 251
48 217
49 204
50 180
51 153
52 148
53 111
54 77
55 77
56 70
57 78
58 56
59 64
60 77
61 67
62 77
63 70
64 76
65 98
66 106
67 93
68 126
69 179
70 166
71 191
72 220
73 278
74 281
75 277
76 332
77 340
78 411
79 414
80 433
81 456
82 483
83 450
84 495
85 481
86 482
87 441
88 415
89 447
90 371
91 341
92 374
93 339
94 300
95 270
96 289
97 269
98 241
99 228
100 243
101 235
102 250
103 289
104 253
105 257
106 277
107 317
108 295
109 321
110 376
111 357
112 373
113 366
114 427
115 413
116 470
117 470
118 504
119 476
120 486
121 507
122 504
123 486
124 493
125 448
126 432
127 407
128 421
129 357
130 282
131 251
132 155
133 139
134 125
135 95
136 81
137 76
138 54
139 55
140 41
141 37
142 34
143 31
144 29
145 14
146 20
147 13
148 12
149 16
150 12
151 16
152 15
153 10
154 6
155 10
156 16
157 5
158 15
159 14
160 9
161 15
162 13
163 15
164 10
165 7
166 8
167 6
168 5
169 3
170 1
171 1
172 0
173 0
174 1
175 0
176 3
177 0
178 1
179 2
180 0
181 0
182 1
183 0
184 0
185 5
186 2
187 4
188 4
189 4
190 3
191 5
192 9
193 10
194 11
195 8
196 4
197 6
198 10
199 9
200 12
201 13
202 14
203 15
204 6
205 5
206 15
207 14
208 7
209 6
210 8
211 8
212 6
213 7
214 8
215 5
216 9
217 7
218 4
219 1
220 4
221 6
222 7
223 3
224 1
225 7
226 5
227 6
228 7
229 2
230 3
231 3
232 1
233 2
234 1
235 1
236 3
237 1
238 1
239 1
240 1
241 1
242 0
243 2
244 0
245 1
246 0
247 1
248 2
249 0
250 0
251 0
252 0
253 0
254 0
255 0
256 0
