-255 0
-254 0
-253 0
-252 0
-251 0
-250 0
-249 0
-248 0
-247 0
-246 0
-245 1
-244 0
-243 0
-242 0
-241 1
-240 1
-239 0
-238 1
-237 0
-236 0
-235 1
-234 0
-233 1
-232 1
-231 1
-230 0
-229 3
-228 1
-227 2
-226 1
-225 0
-224 2
-223 1
-222 0
-221 2
-220 2
-219 1
-218 0
-217 1
-216 2
-215 1
-214 2
-213 0
-212 3
-211 0
-210 0
-209 1
-208 3
-207 5
-206 7
-205 5
-204 6
-203 10
-202 4
-201 5
-200 7
-199 10
-198 7
-197 8
-196 6
-195 5
-194 2
-193 4
-192 7
-191 6
-190 5
-189 1
-188 4
-187 6
-186 1
-185 1
-184 4
-183 4
-182 0
-181 4
-180 3
-179 2
-178 1
-177 1
-176 1
-175 0
-174 2
-173 2
-172 0
-171 1
-170 2
-169 1
-168 2
-167 4
-166 5
-165 9
-164 11
-163 6
-162 8
-161 9
-160 14
-159 12
-158 8
-157 18
-156 9
-155 21
-154 13
-153 6
-152 19
-151 14
-150 19
-149 19
-148 16
-147 19
-146 18
-145 19
-144 14
-143 21
-142 25
-141 39
-140 41
-139 41
-138 52
-137 52
-136 70
-135 78
-134 98
-133 102
-132 132
-131 149
-130 178
-129 257
-128 228
-127 276
-126 327
-125 353
-124 377
-123 424
-122 432
-121 439
-120 470
-119 451
-118 483
-117 453
-116 487
-115 441
-114 472
-113 411
-112 419
-111 425
-110 374
-109 353
-108 393
-107 371
-106 351
-105 322
-104 280
-103 322
-102 322
-101 283
-100 280
-99 255
-98 311
-97 269
-96 296
-95 333
-94 315
-93 344
-92 349
-91 371
-90 392
-89 376
-88 418
-87 423
-86 427
-85 479
-84 436
-83 470
-82 493
-81 490
-80 463
-79 407
-78 442
-77 357
-76 362
-75 323
-74 313
-73 311
-72 288
-71 223
-70 213
-69 196
-68 178
-67 150
-66 173
-65 124
-64 122
-63 100
-62 80
-61 67
-60 86
-59 78
-58 84
-57 80
-56 73
-55 85
-54 90
-53 111
-52 108
-51 159
-50 149
-49 162
-48 203
-47 209
-46 263
-45 317
-44 353
-43 431
-42 549
-41 650
-40 671
-39 752
-38 740
-37 680
-36 651
-35 616
-34 583
-33 558
-32 548
-31 496
-30 501
-29 499
-28 484
-27 517
-26 514
-25 553
-24 600
-23 676
-22 701
-21 769
-20 865
-19 999
-18 1027
-17 1242
-16 1406
-15 1642
-14 1828
-13 2173
-12 2350
-11 2829
-10 3251
-9 3793
-8 4392
-7 4988
-6 5896
-5 6620
-4 7296
-3 8310
-2 9211
-1 9600
0 0
1 20359
2 9585
3 9005
4 8169
5 7188
6 6359
7 5797
8 5070
9 4348
10 3694
11 3241
12 2774
13 2477
14 2206
15 1795
16 1565
17 1355
18 1285
19 1115
20 921
21 805
22 741
23 661
24 626
25 541
26 540
27 472
28 518
29 492
30 515
31 459
32 519
33 535
34 532
35 556
36 552
37 646
38 640
39 733
40 733
41 716
42 644
43 516
44 405
45 359
46 282
47 247
48 215
49 188
50 168
51 156
52 146
53 115
54 91
55 87
56 84
57 64
58 75
59 82
60 74
61 83
62 88
63 94
64 108
65 108
66 115
67 122
68 154
69 153
70 185
71 196
72 221
73 264
74 267
75 347
76 330
77 348
78 378
79 414
80 422
81 452
82 458
83 449
84 486
85 467
86 462
87 480
88 427
89 390
90 391
91 359
92 335
93 340
94 349
95 347
96 315
97 299
98 310
99 293
100 267
101 293
102 283
103 314
104 291
105 316
106 325
107 367
108 374
109 385
110 384
111 414
112 436
113 479
114 446
115 500
116 511
117 507
118 497
119 498
120 480
121 484
122 462
123 490
124 458
125 438
126 415
127 399
128 434
129 364
130 275
131 233
132 163
133 154
134 121
135 93
136 77
137 81
138 51
139 49
140 44
141 27
142 26
143 23
144 30
145 25
146 21
147 16
148 16
149 15
150 15
151 16
152 12
153 11
154 16
155 9
156 12
157 15
158 11
159 4
160 12
161 9
162 3
163 14
164 9
165 8
166 4
167 8
168 7
169 1
170 0
171 3
172 4
173 2
174 0
175 0
176 0
177 2
178 3
179 2
180 2
181 3
182 2
183 5
184 1
185 6
186 3
187 4
188 5
189 4
190 4
191 11
192 8
193 10
194 13
195 12
196 9
197 9
198 12
199 10
200 13
201 15
202 13
203 13
204 5
205 5
206 11
207 18
208 7
209 6
210 9
211 8
212 5
213 6
214 9
215 5
216 7
217 6
218 5
219 1
220 5
221 6
222 6
223 3
224 2
225 9
226 4
227 8
228 7
229 2
230 1
231 2
232 4
233 3
234 2
235 0
236 1
237 1
238 4
239 1
240 1
241 1
242 0
243 2
244 1
245 0
246 2
247 0
248 1
249 0
250 0
251 0
252 0
253 0
254 0
255 0
256 0
