-255 0
-254 0
-253 0
-252 0
-251 0
-250 0
-249 0
-248 0
-247 0
-246 0
-245 0
-244 0
-243 0
-242 0
-241 1
-240 0
-239 2
-238 0
-237 1
-236 0
-235 0
-234 0
-233 2
-232 1
-231 2
-230 1
-229 1
-228 0
-227 0
-226 0
-225 2
-224 0
-223 2
-222 0
-221 0
-220 1
-219 0
-218 0
-217 0
-216 0
-215 0
-214 0
-213 0
-212 0
-211 0
-210 1
-209 2
-208 1
-207 3
-206 3
-205 3
-204 3
-203 9
-202 8
-201 9
-200 5
-199 4
-198 3
-197 4
-196 6
-195 2
-194 2
-193 2
-192 4
-191 6
-190 2
-189 3
-188 4
-187 1
-186 4
-185 1
-184 1
-183 1
-182 1
-181 0
-180 1
-179 2
-178 1
-177 1
-176 0
-175 0
-174 0
-173 0
-172 0
-171 1
-170 0
-169 1
-168 2
-167 5
-166 7
-165 9
-164 9
-163 11
-162 19
-161 16
-160 15
-159 8
-158 9
-157 13
-156 19
-155 9
-154 14
-153 8
-152 16
-151 12
-150 7
-149 13
-148 6
-147 9
-146 6
-145 13
-144 15
-143 10
-142 13
-141 13
-140 17
-139 24
-138 29
-137 40
-136 48
-135 58
-134 73
-133 84
-132 99
-131 144
-130 178
-129 207
-128 263
-127 260
-126 340
-125 352
-124 418
-123 423
-122 429
-121 456
-120 450
-119 445
-118 442
-117 438
-116 411
-115 408
-114 355
-113 342
-112 359
-111 335
-110 289
-109 293
-108 242
-107 213
-106 230
-105 209
-104 185
-103 169
-102 159
-101 174
-100 162
-99 171
-98 153
-97 167
-96 184
-95 195
-94 204
-93 256
-92 253
-91 301
-90 298
-89 348
-88 338
-87 368
-86 410
-85 436
-84 429
-83 449
-82 456
-81 451
-80 410
-79 374
-78 386
-77 405
-76 322
-75 278
-74 284
-73 245
-72 222
-71 204
-70 174
-69 145
-68 143
-67 104
-66 104
-65 82
-64 87
-63 75
-62 51
-61 52
-60 52
-59 49
-58 51
-57 47
-56 49
-55 62
-54 71
-53 79
-52 88
-51 117
-50 124
-49 176
-48 175
-47 237
-46 265
-45 314
-44 388
-43 450
-42 609
-41 754
-40 750
-39 732
-38 673
-37 669
-36 601
-35 529
-34 532
-33 483
-32 438
-31 406
-30 325
-29 383
-28 384
-27 358
-26 362
-25 388
-24 384
-23 417
-22 472
-21 544
-20 635
-19 727
-18 832
-17 993
-16 1190
-15 1421
-14 1766
-13 1930
-12 2281
-11 2838
-10 3244
-9 3890
-8 4531
-7 5515
-6 6306
-5 7335
-4 8369
-3 9633
-2 10580
-1 11302
0 0
1 23488
2 11154
3 10133
4 9368
5 8143
6 7259
7 6287
8 5277
9 4543
10 3814
11 3167
12 2753
13 2301
14 1832
15 1614
16 1363
17 1126
18 909
19 811
20 665
21 568
22 521
23 444
24 412
25 354
26 371
27 346
28 345
29 345
30 389
31 385
32 404
33 426
34 436
35 513
36 583
37 627
38 725
39 760
40 750
41 745
42 657
43 531
44 507
45 368
46 330
47 276
48 211
49 190
50 148
51 147
52 114
53 77
54 94
55 71
56 96
57 62
58 50
59 44
60 46
61 50
62 69
63 58
64 57
65 83
66 93
67 88
68 90
69 110
70 148
71 185
72 186
73 182
74 248
75 227
76 281
77 336
78 320
79 355
80 378
81 413
82 430
83 415
84 401
85 424
86 421
87 361
88 375
89 324
90 286
91 318
92 289
93 274
94 245
95 199
96 210
97 177
98 204
99 155
100 141
101 160
102 170
103 162
104 187
105 214
106 202
107 231
108 244
109 269
110 303
111 292
112 326
113 373
114 349
115 386
116 405
117 479
118 440
119 499
120 489
121 516
122 497
123 510
124 437
125 427
126 417
127 419
128 421
129 375
130 267
131 241
132 162
133 127
134 80
135 75
136 65
137 52
138 49
139 39
140 20
141 36
142 22
143 9
144 11
145 6
146 4
147 8
148 9
149 6
150 11
151 3
152 8
153 11
154 11
155 15
156 8
157 11
158 16
159 19
160 12
161 14
162 15
163 14
164 11
165 15
166 9
167 8
168 3
169 1
170 1
171 0
172 3
173 0
174 0
175 1
176 0
177 0
178 0
179 1
180 0
181 0
182 0
183 0
184 0
185 7
186 2
187 4
188 5
189 5
190 8
191 9
192 7
193 7
194 12
195 7
196 6
197 4
198 11
199 11
200 15
201 15
202 18
203 18
204 6
205 10
206 10
207 17
208 6
209 7
210 7
211 9
212 6
213 6
214 8
215 5
216 7
217 8
218 5
219 1
220 4
221 5
222 7
223 3
224 1
225 7
226 5
227 5
228 8
229 1
230 1
231 3
232 1
233 3
234 3
235 0
236 1
237 2
238 1
239 1
240 1
241 1
242 0
243 2
244 0
245 1
246 0
247 0
248 1
249 0
250 0
251 0
252 0
253 0
254 0
255 0
256 0
