-255 0
-254 0
-253 0
-252 0
-251 0
-250 0
-249 0
-248 0
-247 0
-246 0
-245 0
-244 1
-243 0
-242 1
-241 1
-240 2
-239 0
-238 5
-237 3
-236 0
-235 3
-234 1
-233 0
-232 1
-231 3
-230 1
-229 4
-228 9
-227 10
-226 12
-225 15
-224 20
-223 19
-222 15
-221 14
-220 11
-219 13
-218 8
-217 8
-216 11
-215 12
-214 6
-213 3
-212 6
-211 3
-210 2
-209 2
-208 0
-207 4
-206 1
-205 0
-204 4
-203 1
-202 3
-201 0
-200 3
-199 2
-198 0
-197 0
-196 1
-195 1
-194 1
-193 0
-192 0
-191 0
-190 1
-189 0
-188 0
-187 0
-186 0
-185 0
-184 0
-183 1
-182 0
-181 0
-180 0
-179 0
-178 0
-177 0
-176 0
-175 0
-174 0
-173 0
-172 0
-171 0
-170 0
-169 0
-168 0
-167 0
-166 0
-165 0
-164 0
-163 0
-162 0
-161 0
-160 0
-159 0
-158 0
-157 0
-156 0
-155 0
-154 0
-153 0
-152 0
-151 0
-150 1
-149 0
-148 5
-147 6
-146 5
-145 10
-144 12
-143 15
-142 16
-141 20
-140 26
-139 30
-138 41
-137 62
-136 59
-135 67
-134 92
-133 131
-132 117
-131 166
-130 198
-129 317
-128 316
-127 398
-126 470
-125 559
-124 622
-123 642
-122 721
-121 666
-120 627
-119 677
-118 611
-117 576
-116 564
-115 550
-114 449
-113 487
-112 500
-111 495
-110 496
-109 514
-108 578
-107 610
-106 575
-105 570
-104 605
-103 643
-102 613
-101 599
-100 527
-99 540
-98 478
-97 469
-96 430
-95 359
-94 304
-93 293
-92 260
-91 224
-90 208
-89 172
-88 161
-87 134
-86 108
-85 86
-84 75
-83 77
-82 51
-81 47
-80 45
-79 42
-78 30
-77 28
-76 28
-75 16
-74 13
-73 13
-72 10
-71 5
-70 6
-69 6
-68 3
-67 3
-66 5
-65 5
-64 2
-63 7
-62 1
-61 4
-60 1
-59 3
-58 2
-57 2
-56 3
-55 0
-54 2
-53 1
-52 1
-51 0
-50 1
-49 2
-48 7
-47 1
-46 3
-45 2
-44 1
-43 7
-42 4
-41 11
-40 15
-39 19
-38 29
-37 28
-36 54
-35 52
-34 67
-33 109
-32 106
-31 136
-30 165
-29 209
-28 250
-27 289
-26 354
-25 419
-24 540
-23 629
-22 753
-21 840
-20 961
-19 1075
-18 1208
-17 1359
-16 1509
-15 1767
-14 1926
-13 2215
-12 2584
-11 3019
-10 3458
-9 4146
-8 4630
-7 5347
-6 6438
-5 7632
-4 8579
-3 9838
-2 10761
-1 11310
0 0
1 24103
2 11589
3 10942
4 9954
5 8808
6 7865
7 6669
8 5813
9 4810
10 4213
11 3502
12 3043
13 2573
14 2372
15 1965
16 1785
17 1523
18 1354
19 1210
20 1080
21 974
22 788
23 727
24 655
25 484
26 429
27 366
28 276
29 219
30 171
31 141
32 131
33 93
34 66
35 59
36 43
37 32
38 18
39 21
40 24
41 16
42 9
43 4
44 3
45 2
46 5
47 1
48 0
49 3
50 3
51 3
52 2
53 1
54 3
55 5
56 2
57 2
58 5
59 1
60 6
61 3
62 11
63 9
64 5
65 5
66 7
67 4
68 7
69 12
70 12
71 14
72 13
73 14
74 16
75 25
76 23
77 25
78 27
79 33
80 44
81 43
82 50
83 78
84 95
85 105
86 112
87 138
88 147
89 175
90 208
91 229
92 239
93 303
94 348
95 367
96 382
97 419
98 519
99 504
100 511
101 568
102 546
103 580
104 524
105 550
106 574
107 533
108 528
109 497
110 451
111 467
112 441
113 461
114 454
115 469
116 521
117 534
118 551
119 616
120 615
121 681
122 704
123 731
124 625
125 670
126 617
127 582
128 515
129 540
130 354
131 238
132 224
133 210
134 155
135 126
136 85
137 72
138 76
139 75
140 48
141 43
142 33
143 40
144 19
145 25
146 12
147 14
148 11
149 7
150 2
151 4
152 4
153 2
154 0
155 0
156 1
157 0
158 0
159 0
160 0
161 0
162 0
163 0
164 0
165 0
166 0
167 0
168 0
169 0
170 0
171 0
172 0
173 0
174 0
175 0
176 0
177 0
178 0
179 1
180 1
181 0
182 0
183 1
184 0
185 1
186 0
187 0
188 1
189 0
190 0
191 3
192 0
193 1
194 4
195 2
196 3
197 0
198 2
199 2
200 5
201 1
202 1
203 1
204 1
205 5
206 5
207 10
208 9
209 7
210 1
211 7
212 11
213 10
214 9
215 4
216 7
217 7
218 10
219 7
220 9
221 14
222 24
223 15
224 20
225 20
226 11
227 12
228 14
229 11
230 6
231 3
232 8
233 4
234 2
235 2
236 5
237 3
238 2
239 4
240 3
241 0
242 1
243 2
244 3
245 2
246 1
247 0
248 0
249 0
250 0
251 0
252 0
253 0
254 0
255 0
256 0
