-255 0
-254 0
-253 0
-252 0
-251 0
-250 0
-249 0
-248 1
-247 0
-246 0
-245 0
-244 0
-243 1
-242 1
-241 0
-240 2
-239 0
-238 1
-237 1
-236 0
-235 0
-234 0
-233 2
-232 2
-231 3
-230 10
-229 4
-228 5
-227 7
-226 9
-225 10
-224 8
-223 8
-222 10
-221 10
-220 7
-219 6
-218 5
-217 7
-216 6
-215 5
-214 2
-213 7
-212 1
-211 1
-210 3
-209 4
-208 7
-207 5
-206 4
-205 6
-204 1
-203 5
-202 0
-201 2
-200 0
-199 2
-198 1
-197 0
-196 1
-195 1
-194 1
-193 2
-192 0
-191 2
-190 2
-189 0
-188 0
-187 0
-186 0
-185 0
-184 0
-183 0
-182 0
-181 0
-180 1
-179 0
-178 0
-177 0
-176 0
-175 0
-174 0
-173 0
-172 0
-171 0
-170 0
-169 0
-168 0
-167 0
-166 0
-165 0
-164 0
-163 0
-162 0
-161 0
-160 0
-159 0
-158 0
-157 1
-156 0
-155 0
-154 2
-153 0
-152 2
-151 2
-150 3
-149 4
-148 3
-147 5
-146 12
-145 11
-144 11
-143 14
-142 16
-141 22
-140 29
-139 41
-138 45
-137 60
-136 73
-135 77
-134 99
-133 97
-132 157
-131 198
-130 206
-129 281
-128 360
-127 407
-126 492
-125 552
-124 629
-123 639
-122 665
-121 661
-120 669
-119 611
-118 573
-117 573
-116 544
-115 530
-114 509
-113 543
-112 543
-111 559
-110 552
-109 639
-108 651
-107 669
-106 685
-105 721
-104 669
-103 700
-102 653
-101 683
-100 633
-99 626
-98 562
-97 518
-96 497
-95 450
-94 402
-93 332
-92 291
-91 264
-90 251
-89 229
-88 188
-87 180
-86 145
-85 147
-84 149
-83 112
-82 80
-81 95
-80 73
-79 59
-78 57
-77 38
-76 33
-75 25
-74 19
-73 28
-72 20
-71 16
-70 14
-69 9
-68 14
-67 7
-66 7
-65 8
-64 8
-63 6
-62 5
-61 2
-60 5
-59 6
-58 1
-57 1
-56 3
-55 5
-54 0
-53 3
-52 0
-51 2
-50 2
-49 6
-48 6
-47 6
-46 4
-45 14
-44 9
-43 12
-42 13
-41 31
-40 41
-39 42
-38 46
-37 70
-36 83
-35 91
-34 111
-33 155
-32 176
-31 228
-30 273
-29 282
-28 353
-27 455
-26 471
-25 565
-24 647
-23 749
-22 849
-21 926
-20 1071
-19 1155
-18 1363
-17 1424
-16 1648
-15 1796
-14 2022
-13 2357
-12 2592
-11 2978
-10 3455
-9 4032
-8 4701
-7 5530
-6 6168
-5 7129
-4 7980
-3 9134
-2 10197
-1 10867
0 0
1 22440
2 10890
3 10166
4 9181
5 8127
6 7042
7 6296
8 5431
9 4698
10 4058
11 3429
12 3010
13 2685
14 2315
15 2204
16 1884
17 1679
18 1490
19 1359
20 1197
21 1048
22 951
23 759
24 684
25 593
26 471
27 485
28 373
29 331
30 273
31 199
32 194
33 159
34 130
35 103
36 75
37 63
38 58
39 42
40 33
41 32
42 26
43 19
44 9
45 10
46 13
47 14
48 3
49 3
50 6
51 4
52 1
53 3
54 3
55 2
56 4
57 3
58 7
59 4
60 5
61 7
62 4
63 4
64 8
65 7
66 8
67 16
68 5
69 13
70 10
71 18
72 13
73 17
74 18
75 29
76 32
77 30
78 34
79 45
80 59
81 74
82 70
83 78
84 102
85 131
86 144
87 161
88 194
89 218
90 260
91 258
92 279
93 336
94 369
95 412
96 445
97 518
98 538
99 552
100 624
101 591
102 672
103 660
104 659
105 615
106 680
107 646
108 634
109 621
110 601
111 538
112 485
113 559
114 599
115 530
116 565
117 610
118 581
119 648
120 639
121 684
122 665
123 687
124 668
125 657
126 631
127 601
128 541
129 520
130 364
131 270
132 233
133 179
134 144
135 133
136 95
137 90
138 73
139 60
140 42
141 54
142 31
143 42
144 27
145 21
146 18
147 13
148 13
149 5
150 7
151 4
152 1
153 2
154 0
155 0
156 0
157 0
158 0
159 0
160 0
161 0
162 0
163 0
164 0
165 0
166 0
167 0
168 0
169 0
170 0
171 0
172 0
173 0
174 0
175 0
176 0
177 0
178 0
179 0
180 0
181 0
182 0
183 0
184 0
185 1
186 0
187 0
188 0
189 0
190 2
191 2
192 2
193 1
194 0
195 3
196 1
197 3
198 3
199 2
200 3
201 2
202 3
203 2
204 0
205 3
206 5
207 4
208 5
209 1
210 4
211 2
212 5
213 3
214 9
215 4
216 8
217 10
218 7
219 4
220 8
221 7
222 7
223 7
224 9
225 5
226 10
227 8
228 9
229 13
230 9
231 10
232 4
233 3
234 5
235 2
236 3
237 0
238 1
239 0
240 0
241 1
242 2
243 3
244 1
245 1
246 1
247 1
248 1
249 1
250 0
251 0
252 0
253 0
254 0
255 0
256 0
