-255 0
-254 0
-253 0
-252 0
-251 0
-250 0
-249 0
-248 0
-247 0
-246 0
-245 0
-244 0
-243 0
-242 0
-241 0
-240 0
-239 0
-238 0
-237 0
-236 0
-235 0
-234 0
-233 0
-232 0
-231 1
-230 0
-229 0
-228 0
-227 2
-226 1
-225 0
-224 0
-223 1
-222 0
-221 1
-220 0
-219 0
-218 1
-217 0
-216 0
-215 0
-214 0
-213 0
-212 1
-211 0
-210 0
-209 0
-208 1
-207 0
-206 0
-205 0
-204 0
-203 0
-202 1
-201 0
-200 1
-199 1
-198 0
-197 0
-196 0
-195 1
-194 1
-193 2
-192 1
-191 5
-190 4
-189 5
-188 1
-187 2
-186 5
-185 2
-184 0
-183 5
-182 3
-181 0
-180 2
-179 5
-178 1
-177 2
-176 2
-175 2
-174 3
-173 1
-172 1
-171 0
-170 0
-169 2
-168 0
-167 1
-166 2
-165 0
-164 1
-163 2
-162 5
-161 2
-160 7
-159 11
-158 13
-157 11
-156 17
-155 16
-154 10
-153 10
-152 17
-151 12
-150 15
-149 23
-148 23
-147 21
-146 20
-145 23
-144 20
-143 22
-142 9
-141 15
-140 15
-139 17
-138 13
-137 11
-136 22
-135 15
-134 13
-133 19
-132 20
-131 28
-130 42
-129 38
-128 57
-127 83
-126 93
-125 106
-124 120
-123 153
-122 176
-121 153
-120 172
-119 171
-118 162
-117 168
-116 144
-115 130
-114 138
-113 158
-112 151
-111 149
-110 144
-109 154
-108 158
-107 185
-106 166
-105 179
-104 174
-103 144
-102 163
-101 159
-100 141
-99 136
-98 139
-97 112
-96 113
-95 111
-94 111
-93 113
-92 122
-91 136
-90 118
-89 173
-88 146
-87 219
-86 232
-85 315
-84 326
-83 396
-82 406
-81 414
-80 434
-79 412
-78 429
-77 392
-76 386
-75 376
-74 439
-73 388
-72 396
-71 435
-70 425
-69 417
-68 395
-67 420
-66 383
-65 373
-64 347
-63 346
-62 301
-61 314
-60 297
-59 286
-58 269
-57 256
-56 269
-55 315
-54 329
-53 336
-52 333
-51 389
-50 420
-49 458
-48 563
-47 590
-46 702
-45 762
-44 900
-43 1022
-42 1138
-41 1165
-40 1265
-39 1310
-38 1287
-37 1243
-36 1208
-35 1195
-34 1183
-33 1081
-32 1015
-31 1013
-30 963
-29 878
-28 833
-27 794
-26 795
-25 812
-24 761
-23 729
-22 697
-21 734
-20 756
-19 790
-18 879
-17 920
-16 1138
-15 1262
-14 1430
-13 1672
-12 1927
-11 2245
-10 2777
-9 3189
-8 3657
-7 4535
-6 5268
-5 6393
-4 7384
-3 8702
-2 9744
-1 10872
0 0
1 22871
2 11032
3 10220
4 9149
5 7682
6 6773
7 5482
8 4552
9 3826
10 3255
11 2764
12 2290
13 1971
14 1499
15 1340
16 1186
17 981
18 828
19 701
20 628
21 546
22 527
23 406
24 414
25 446
26 424
27 410
28 469
29 460
30 487
31 532
32 561
33 596
34 580
35 656
36 689
37 704
38 717
39 760
40 717
41 690
42 736
43 673
44 601
45 516
46 463
47 378
48 398
49 294
50 251
51 263
52 238
53 231
54 178
55 181
56 198
57 191
58 205
59 201
60 208
61 212
62 251
63 306
64 342
65 329
66 334
67 379
68 399
69 409
70 434
71 434
72 396
73 398
74 423
75 400
76 374
77 416
78 397
79 416
80 424
81 460
82 443
83 446
84 385
85 353
86 278
87 275
88 247
89 208
90 197
91 186
92 187
93 185
94 199
95 190
96 197
97 229
98 229
99 244
100 266
101 258
102 299
103 304
104 304
105 303
106 329
107 310
108 267
109 311
110 274
111 257
112 277
113 260
114 257
115 254
116 263
117 268
118 295
119 317
120 305
121 349
122 336
123 288
124 253
125 256
126 234
127 231
128 244
129 295
130 151
131 99
132 86
133 57
134 64
135 48
136 41
137 36
138 41
139 34
140 21
141 32
142 23
143 35
144 26
145 30
146 22
147 31
148 19
149 11
150 23
151 23
152 13
153 12
154 14
155 11
156 13
157 10
158 12
159 4
160 9
161 5
162 6
163 5
164 1
165 4
166 3
167 2
168 1
169 0
170 4
171 1
172 3
173 1
174 3
175 4
176 3
177 2
178 1
179 1
180 4
181 2
182 3
183 1
184 2
185 3
186 3
187 2
188 2
189 3
190 3
191 2
192 1
193 1
194 1
195 1
196 2
197 0
198 0
199 0
200 1
201 0
202 0
203 0
204 0
205 0
206 0
207 0
208 0
209 1
210 1
211 1
212 1
213 0
214 0
215 0
216 0
217 0
218 0
219 0
220 0
221 0
222 2
223 1
224 0
225 0
226 1
227 0
228 0
229 2
230 2
231 1
232 1
233 1
234 1
235 2
236 1
237 0
238 0
239 0
240 1
241 0
242 1
243 0
244 1
245 1
246 0
247 0
248 0
249 0
250 0
251 0
252 0
253 0
254 0
255 0
256 0
