-255 0
-254 0
-253 0
-252 0
-251 0
-250 0
-249 0
-248 1
-247 0
-246 0
-245 0
-244 1
-243 0
-242 2
-241 0
-240 0
-239 2
-238 1
-237 2
-236 3
-235 2
-234 0
-233 1
-232 1
-231 5
-230 3
-229 4
-228 7
-227 9
-226 14
-225 10
-224 17
-223 12
-222 18
-221 14
-220 10
-219 12
-218 9
-217 13
-216 9
-215 4
-214 7
-213 8
-212 7
-211 6
-210 3
-209 10
-208 3
-207 10
-206 9
-205 6
-204 3
-203 2
-202 3
-201 0
-200 3
-199 5
-198 2
-197 1
-196 2
-195 2
-194 0
-193 1
-192 3
-191 0
-190 0
-189 0
-188 0
-187 0
-186 0
-185 0
-184 0
-183 0
-182 0
-181 0
-180 0
-179 0
-178 0
-177 0
-176 0
-175 0
-174 0
-173 0
-172 0
-171 0
-170 0
-169 0
-168 0
-167 0
-166 0
-165 0
-164 0
-163 0
-162 0
-161 0
-160 0
-159 0
-158 0
-157 0
-156 0
-155 0
-154 0
-153 0
-152 1
-151 3
-150 2
-149 1
-148 3
-147 4
-146 13
-145 11
-144 12
-143 22
-142 29
-141 34
-140 20
-139 47
-138 46
-137 55
-136 57
-135 79
-134 109
-133 116
-132 160
-131 182
-130 226
-129 269
-128 285
-127 339
-126 460
-125 537
-124 506
-123 615
-122 642
-121 689
-120 668
-119 651
-118 637
-117 615
-116 594
-115 542
-114 537
-113 536
-112 521
-111 544
-110 557
-109 510
-108 558
-107 575
-106 608
-105 570
-104 566
-103 584
-102 624
-101 592
-100 601
-99 577
-98 516
-97 494
-96 418
-95 435
-94 375
-93 368
-92 345
-91 290
-90 242
-89 253
-88 178
-87 155
-86 150
-85 141
-84 98
-83 96
-82 83
-81 75
-80 60
-79 49
-78 39
-77 32
-76 32
-75 26
-74 12
-73 15
-72 16
-71 6
-70 6
-69 13
-68 5
-67 4
-66 4
-65 0
-64 1
-63 5
-62 4
-61 2
-60 0
-59 3
-58 1
-57 0
-56 1
-55 2
-54 0
-53 1
-52 1
-51 0
-50 0
-49 2
-48 2
-47 8
-46 13
-45 10
-44 9
-43 16
-42 25
-41 35
-40 19
-39 39
-38 44
-37 59
-36 86
-35 79
-34 108
-33 124
-32 169
-31 207
-30 226
-29 276
-28 335
-27 375
-26 431
-25 531
-24 584
-23 676
-22 764
-21 891
-20 993
-19 1178
-18 1267
-17 1423
-16 1611
-15 1787
-14 2001
-13 2472
-12 2674
-11 3229
-10 3656
-9 4366
-8 4911
-7 5805
-6 6733
-5 7518
-4 8555
-3 9576
-2 10230
-1 10670
0 0
1 22160
2 10705
3 10052
4 9079
5 8237
6 7188
7 6473
8 5482
9 4892
10 4223
11 3575
12 3050
13 2737
14 2377
15 2171
16 1871
17 1615
18 1525
19 1324
20 1108
21 1044
22 892
23 758
24 694
25 581
26 520
27 387
28 359
29 308
30 259
31 212
32 191
33 179
34 133
35 98
36 69
37 54
38 54
39 48
40 39
41 31
42 21
43 20
44 22
45 11
46 9
47 4
48 3
49 4
50 5
51 1
52 2
53 1
54 0
55 1
56 1
57 1
58 0
59 1
60 1
61 0
62 0
63 0
64 0
65 1
66 1
67 1
68 2
69 4
70 3
71 4
72 4
73 9
74 11
75 12
76 18
77 20
78 30
79 37
80 38
81 49
82 47
83 59
84 86
85 102
86 104
87 135
88 168
89 223
90 213
91 225
92 245
93 263
94 350
95 388
96 411
97 435
98 481
99 541
100 574
101 582
102 602
103 631
104 570
105 659
106 653
107 622
108 564
109 598
110 563
111 566
112 530
113 559
114 524
115 596
116 574
117 628
118 661
119 693
120 700
121 740
122 681
123 695
124 624
125 605
126 578
127 542
128 516
129 471
130 341
131 235
132 202
133 163
134 132
135 117
136 99
137 70
138 75
139 69
140 46
141 46
142 30
143 32
144 26
145 21
146 14
147 8
148 12
149 3
150 1
151 2
152 1
153 2
154 3
155 0
156 1
157 0
158 0
159 0
160 0
161 0
162 0
163 0
164 0
165 0
166 0
167 0
168 0
169 0
170 0
171 0
172 0
173 0
174 0
175 0
176 0
177 0
178 0
179 0
180 0
181 0
182 0
183 0
184 0
185 0
186 0
187 0
188 0
189 0
190 0
191 0
192 0
193 0
194 0
195 0
196 0
197 0
198 0
199 0
200 0
201 2
202 0
203 1
204 4
205 2
206 5
207 3
208 5
209 3
210 4
211 2
212 4
213 9
214 6
215 4
216 3
217 7
218 12
219 7
220 10
221 11
222 8
223 10
224 15
225 15
226 14
227 6
228 10
229 11
230 7
231 3
232 3
233 5
234 3
235 5
236 2
237 2
238 0
239 0
240 1
241 3
242 4
243 1
244 2
245 1
246 2
247 0
248 0
249 0
250 0
251 0
252 0
253 0
254 0
255 0
256 0
