-255 0
-254 0
-253 0
-252 0
-251 0
-250 0
-249 0
-248 0
-247 0
-246 0
-245 0
-244 0
-243 0
-242 0
-241 0
-240 0
-239 0
-238 0
-237 0
-236 0
-235 0
-234 0
-233 0
-232 0
-231 0
-230 0
-229 0
-228 0
-227 0
-226 0
-225 0
-224 0
-223 0
-222 0
-221 0
-220 0
-219 0
-218 0
-217 0
-216 0
-215 0
-214 0
-213 0
-212 0
-211 0
-210 0
-209 0
-208 0
-207 0
-206 0
-205 0
-204 0
-203 0
-202 0
-201 0
-200 0
-199 0
-198 0
-197 0
-196 0
-195 0
-194 0
-193 0
-192 0
-191 0
-190 0
-189 0
-188 0
-187 0
-186 0
-185 0
-184 0
-183 0
-182 0
-181 0
-180 0
-179 0
-178 0
-177 0
-176 0
-175 0
-174 0
-173 0
-172 0
-171 0
-170 0
-169 0
-168 0
-167 0
-166 0
-165 0
-164 0
-163 0
-162 0
-161 0
-160 0
-159 0
-158 0
-157 0
-156 0
-155 0
-154 0
-153 0
-152 0
-151 0
-150 0
-149 0
-148 0
-147 0
-146 0
-145 0
-144 0
-143 0
-142 0
-141 0
-140 0
-139 0
-138 0
-137 0
-136 0
-135 0
-134 0
-133 0
-132 0
-131 0
-130 0
-129 0
-128 10
-127 6
-126 7
-125 6
-124 5
-123 11
-122 6
-121 7
-120 6
-119 9
-118 11
-117 9
-116 11
-115 15
-114 13
-113 11
-112 25
-111 17
-110 8
-109 18
-108 11
-107 18
-106 14
-105 20
-104 20
-103 17
-102 27
-101 37
-100 26
-99 31
-98 28
-97 30
-96 44
-95 46
-94 45
-93 45
-92 35
-91 46
-90 58
-89 78
-88 68
-87 76
-86 69
-85 64
-84 93
-83 94
-82 90
-81 83
-80 81
-79 102
-78 122
-77 104
-76 149
-75 130
-74 163
-73 136
-72 142
-71 149
-70 160
-69 144
-68 182
-67 190
-66 198
-65 209
-64 202
-63 219
-62 230
-61 233
-60 266
-59 300
-58 316
-57 322
-56 315
-55 333
-54 371
-53 348
-52 397
-51 384
-50 433
-49 430
-48 469
-47 502
-46 518
-45 556
-44 560
-43 633
-42 640
-41 694
-40 723
-39 790
-38 794
-37 840
-36 863
-35 927
-34 1056
-33 1104
-32 1142
-31 1170
-30 1224
-29 1266
-28 1376
-27 1493
-26 1587
-25 1653
-24 1812
-23 1939
-22 2017
-21 2139
-20 2378
-19 2475
-18 2567
-17 2692
-16 2909
-15 3009
-14 3379
-13 3506
-12 3710
-11 4025
-10 4178
-9 4458
-8 4920
-7 5405
-6 5660
-5 6075
-4 6385
-3 6869
-2 7193
-1 7187
0 0
1 7363
2 7432
3 7273
4 6860
5 6497
6 6011
7 5706
8 5223
9 4896
10 4442
11 4036
12 3838
13 3551
14 3427
15 3085
16 2900
17 2671
18 2558
19 2371
20 2249
21 2241
22 2014
23 1814
24 1744
25 1653
26 1606
27 1502
28 1366
29 1352
30 1275
31 1182
32 1152
33 1089
34 1050
35 1001
36 939
37 920
38 863
39 832
40 757
41 696
42 647
43 682
44 635
45 597
46 534
47 549
48 508
49 529
50 483
51 471
52 430
53 395
54 361
55 378
56 357
57 339
58 329
59 317
60 329
61 277
62 253
63 250
64 246
65 228
66 220
67 218
68 185
69 185
70 183
71 184
72 154
73 148
74 148
75 158
76 145
77 150
78 134
79 113
80 105
81 104
82 112
83 97
84 95
85 93
86 89
87 75
88 64
89 81
90 66
91 54
92 57
93 44
94 40
95 49
96 51
97 29
98 35
99 40
100 29
101 28
102 29
103 23
104 28
105 33
106 21
107 14
108 13
109 20
110 19
111 15
112 14
113 11
114 14
115 10
116 16
117 8
118 6
119 8
120 14
121 9
122 9
123 6
124 5
125 9
126 10
127 4
128 2
129 0
130 0
131 0
132 0
133 0
134 0
135 0
136 0
137 0
138 0
139 0
140 0
141 0
142 0
143 0
144 0
145 0
146 0
147 0
148 0
149 0
150 0
151 0
152 0
153 0
154 0
155 0
156 0
157 0
158 0
159 0
160 0
161 0
162 0
163 0
164 0
165 0
166 0
167 0
168 0
169 0
170 0
171 0
172 0
173 0
174 0
175 0
176 0
177 0
178 0
179 0
180 0
181 0
182 0
183 0
184 0
185 0
186 0
187 0
188 0
189 0
190 0
191 0
192 0
193 0
194 0
195 0
196 0
197 0
198 0
199 0
200 0
201 0
202 0
203 0
204 0
205 0
206 0
207 0
208 0
209 0
210 0
211 0
212 0
213 0
214 0
215 0
216 0
217 0
218 0
219 0
220 0
221 0
222 0
223 0
224 0
225 0
226 0
227 0
228 0
229 0
230 0
231 0
232 0
233 0
234 0
235 0
236 0
237 0
238 0
239 0
240 0
241 0
242 0
243 0
244 0
245 0
246 0
247 0
248 0
249 0
250 0
251 0
252 0
253 0
254 0
255 0
256 0
