-255 0
-254 0
-253 0
-252 0
-251 0
-250 0
-249 0
-248 0
-247 0
-246 0
-245 0
-244 0
-243 0
-242 0
-241 0
-240 0
-239 0
-238 0
-237 0
-236 0
-235 0
-234 0
-233 0
-232 0
-231 0
-230 0
-229 0
-228 0
-227 0
-226 0
-225 0
-224 0
-223 0
-222 0
-221 0
-220 0
-219 0
-218 0
-217 0
-216 0
-215 0
-214 0
-213 0
-212 0
-211 0
-210 0
-209 0
-208 0
-207 0
-206 0
-205 0
-204 0
-203 0
-202 0
-201 0
-200 0
-199 0
-198 0
-197 0
-196 0
-195 0
-194 0
-193 0
-192 0
-191 0
-190 0
-189 0
-188 0
-187 0
-186 0
-185 0
-184 0
-183 0
-182 0
-181 0
-180 0
-179 0
-178 0
-177 0
-176 0
-175 0
-174 0
-173 0
-172 0
-171 0
-170 0
-169 0
-168 0
-167 0
-166 0
-165 0
-164 0
-163 0
-162 0
-161 0
-160 0
-159 0
-158 0
-157 0
-156 0
-155 0
-154 0
-153 0
-152 0
-151 0
-150 0
-149 0
-148 0
-147 0
-146 0
-145 0
-144 0
-143 0
-142 0
-141 0
-140 0
-139 0
-138 0
-137 0
-136 0
-135 0
-134 0
-133 0
-132 0
-131 0
-130 0
-129 0
-128 53
-127 52
-126 52
-125 47
-124 53
-123 47
-122 52
-121 47
-120 48
-119 43
-118 62
-117 72
-116 44
-115 64
-114 56
-113 61
-112 73
-111 63
-110 60
-109 76
-108 69
-107 111
-106 75
-105 84
-104 109
-103 89
-102 100
-101 116
-100 116
-99 101
-98 120
-97 115
-96 139
-95 114
-94 149
-93 142
-92 155
-91 135
-90 164
-89 144
-88 190
-87 172
-86 190
-85 203
-84 205
-83 185
-82 202
-81 216
-80 206
-79 217
-78 259
-77 266
-76 270
-75 248
-74 278
-73 285
-72 313
-71 304
-70 321
-69 284
-68 318
-67 348
-66 354
-65 375
-64 390
-63 373
-62 389
-61 398
-60 430
-59 399
-58 459
-57 490
-56 449
-55 519
-54 503
-53 502
-52 532
-51 513
-50 572
-49 601
-48 605
-47 670
-46 661
-45 708
-44 708
-43 713
-42 793
-41 786
-40 774
-39 852
-38 839
-37 934
-36 972
-35 907
-34 1024
-33 1080
-32 1082
-31 1194
-30 1222
-29 1297
-28 1350
-27 1469
-26 1484
-25 1508
-24 1624
-23 1735
-22 1765
-21 1798
-20 2017
-19 2179
-18 2165
-17 2403
-16 2411
-15 2709
-14 2734
-13 3045
-12 3135
-11 3321
-10 3628
-9 4088
-8 4467
-7 4729
-6 5099
-5 5494
-4 5911
-3 6304
-2 6342
-1 6649
0 0
1 6773
2 6670
3 6505
4 6309
5 6022
6 5520
7 5158
8 4747
9 4435
10 4010
11 3818
12 3571
13 3293
14 3022
15 2993
16 2693
17 2629
18 2433
19 2298
20 2157
21 2023
22 1968
23 1882
24 1761
25 1704
26 1526
27 1534
28 1373
29 1396
30 1253
31 1312
32 1260
33 1117
34 1115
35 1008
36 979
37 984
38 952
39 918
40 887
41 809
42 829
43 757
44 735
45 690
46 709
47 665
48 671
49 565
50 660
51 616
52 502
53 531
54 553
55 520
56 511
57 448
58 454
59 439
60 409
61 410
62 397
63 366
64 382
65 375
66 365
67 337
68 367
69 286
70 347
71 284
72 280
73 305
74 287
75 264
76 262
77 214
78 249
79 253
80 227
81 232
82 211
83 202
84 230
85 185
86 218
87 176
88 152
89 155
90 166
91 146
92 141
93 143
94 118
95 137
96 125
97 130
98 120
99 130
100 127
101 119
102 88
103 122
104 102
105 113
106 98
107 81
108 78
109 68
110 69
111 86
112 64
113 68
114 65
115 64
116 65
117 60
118 75
119 58
120 68
121 41
122 57
123 53
124 43
125 57
126 44
127 38
128 34
129 0
130 0
131 0
132 0
133 0
134 0
135 0
136 0
137 0
138 0
139 0
140 0
141 0
142 0
143 0
144 0
145 0
146 0
147 0
148 0
149 0
150 0
151 0
152 0
153 0
154 0
155 0
156 0
157 0
158 0
159 0
160 0
161 0
162 0
163 0
164 0
165 0
166 0
167 0
168 0
169 0
170 0
171 0
172 0
173 0
174 0
175 0
176 0
177 0
178 0
179 0
180 0
181 0
182 0
183 0
184 0
185 0
186 0
187 0
188 0
189 0
190 0
191 0
192 0
193 0
194 0
195 0
196 0
197 0
198 0
199 0
200 0
201 0
202 0
203 0
204 0
205 0
206 0
207 0
208 0
209 0
210 0
211 0
212 0
213 0
214 0
215 0
216 0
217 0
218 0
219 0
220 0
221 0
222 0
223 0
224 0
225 0
226 0
227 0
228 0
229 0
230 0
231 0
232 0
233 0
234 0
235 0
236 0
237 0
238 0
239 0
240 0
241 0
242 0
243 0
244 0
245 0
246 0
247 0
248 0
249 0
250 0
251 0
252 0
253 0
254 0
255 0
256 0
