-255 0
-254 0
-253 0
-252 0
-251 0
-250 0
-249 0
-248 0
-247 0
-246 0
-245 0
-244 0
-243 0
-242 0
-241 0
-240 0
-239 0
-238 0
-237 0
-236 0
-235 0
-234 0
-233 0
-232 0
-231 0
-230 0
-229 0
-228 0
-227 0
-226 0
-225 0
-224 0
-223 0
-222 0
-221 0
-220 0
-219 0
-218 0
-217 0
-216 0
-215 0
-214 0
-213 0
-212 0
-211 0
-210 0
-209 0
-208 0
-207 0
-206 0
-205 0
-204 0
-203 0
-202 0
-201 0
-200 0
-199 0
-198 0
-197 0
-196 0
-195 0
-194 0
-193 0
-192 0
-191 0
-190 0
-189 0
-188 0
-187 0
-186 0
-185 0
-184 0
-183 0
-182 0
-181 0
-180 0
-179 0
-178 0
-177 0
-176 0
-175 0
-174 0
-173 0
-172 0
-171 0
-170 0
-169 0
-168 0
-167 0
-166 0
-165 0
-164 0
-163 0
-162 0
-161 0
-160 0
-159 0
-158 0
-157 0
-156 0
-155 0
-154 0
-153 0
-152 0
-151 0
-150 0
-149 0
-148 0
-147 0
-146 0
-145 0
-144 0
-143 0
-142 0
-141 0
-140 0
-139 0
-138 0
-137 0
-136 0
-135 0
-134 0
-133 0
-132 0
-131 0
-130 0
-129 0
-128 103
-127 70
-126 70
-125 89
-124 79
-123 70
-122 68
-121 86
-120 61
-119 86
-118 74
-117 90
-116 93
-115 82
-114 91
-113 90
-112 101
-111 92
-110 123
-109 105
-108 100
-107 122
-106 121
-105 104
-104 108
-103 130
-102 112
-101 141
-100 141
-99 140
-98 143
-97 152
-96 156
-95 149
-94 165
-93 173
-92 150
-91 163
-90 169
-89 210
-88 201
-87 195
-86 225
-85 204
-84 218
-83 239
-82 233
-81 230
-80 270
-79 254
-78 273
-77 291
-76 297
-75 291
-74 313
-73 333
-72 348
-71 337
-70 342
-69 354
-68 366
-67 401
-66 413
-65 388
-64 413
-63 394
-62 406
-61 477
-60 504
-59 493
-58 461
-57 486
-56 526
-55 583
-54 558
-53 558
-52 578
-51 544
-50 608
-49 654
-48 733
-47 697
-46 695
-45 735
-44 786
-43 761
-42 789
-41 852
-40 859
-39 896
-38 941
-37 982
-36 1052
-35 1075
-34 1085
-33 1146
-32 1164
-31 1166
-30 1234
-29 1353
-28 1410
-27 1459
-26 1512
-25 1577
-24 1656
-23 1756
-22 1884
-21 1898
-20 2081
-19 2159
-18 2243
-17 2372
-16 2518
-15 2721
-14 2811
-13 3087
-12 3291
-11 3640
-10 3708
-9 3955
-8 4278
-7 4659
-6 4830
-5 5090
-4 5391
-3 5561
-2 5813
-1 5935
0 0
1 6195
2 5930
3 6002
4 5669
5 5541
6 5202
7 4799
8 4602
9 4312
10 3969
11 3686
12 3440
13 3244
14 2985
15 2738
16 2609
17 2399
18 2386
19 2272
20 2095
21 2023
22 1930
23 1892
24 1731
25 1634
26 1527
27 1517
28 1406
29 1345
30 1339
31 1280
32 1176
33 1207
34 1115
35 1106
36 1059
37 1039
38 985
39 922
40 896
41 900
42 809
43 796
44 794
45 777
46 693
47 692
48 693
49 689
50 639
51 630
52 611
53 652
54 560
55 604
56 530
57 498
58 512
59 450
60 502
61 479
62 428
63 447
64 438
65 454
66 420
67 370
68 411
69 401
70 363
71 330
72 310
73 320
74 316
75 312
76 284
77 284
78 308
79 281
80 267
81 236
82 242
83 225
84 235
85 210
86 195
87 204
88 197
89 189
90 183
91 189
92 185
93 207
94 159
95 175
96 149
97 145
98 139
99 125
100 149
101 129
102 166
103 129
104 143
105 135
106 110
107 133
108 100
109 107
110 116
111 89
112 107
113 102
114 104
115 96
116 88
117 79
118 87
119 77
120 85
121 87
122 87
123 86
124 69
125 85
126 81
127 73
128 71
129 0
130 0
131 0
132 0
133 0
134 0
135 0
136 0
137 0
138 0
139 0
140 0
141 0
142 0
143 0
144 0
145 0
146 0
147 0
148 0
149 0
150 0
151 0
152 0
153 0
154 0
155 0
156 0
157 0
158 0
159 0
160 0
161 0
162 0
163 0
164 0
165 0
166 0
167 0
168 0
169 0
170 0
171 0
172 0
173 0
174 0
175 0
176 0
177 0
178 0
179 0
180 0
181 0
182 0
183 0
184 0
185 0
186 0
187 0
188 0
189 0
190 0
191 0
192 0
193 0
194 0
195 0
196 0
197 0
198 0
199 0
200 0
201 0
202 0
203 0
204 0
205 0
206 0
207 0
208 0
209 0
210 0
211 0
212 0
213 0
214 0
215 0
216 0
217 0
218 0
219 0
220 0
221 0
222 0
223 0
224 0
225 0
226 0
227 0
228 0
229 0
230 0
231 0
232 0
233 0
234 0
235 0
236 0
237 0
238 0
239 0
240 0
241 0
242 0
243 0
244 0
245 0
246 0
247 0
248 0
249 0
250 0
251 0
252 0
253 0
254 0
255 0
256 0
