-255 0
-254 0
-253 0
-252 0
-251 0
-250 0
-249 0
-248 0
-247 0
-246 0
-245 0
-244 0
-243 0
-242 0
-241 0
-240 0
-239 0
-238 0
-237 0
-236 0
-235 0
-234 0
-233 0
-232 0
-231 0
-230 0
-229 0
-228 0
-227 0
-226 0
-225 0
-224 0
-223 0
-222 0
-221 0
-220 0
-219 0
-218 0
-217 0
-216 0
-215 0
-214 0
-213 0
-212 0
-211 0
-210 0
-209 0
-208 0
-207 0
-206 0
-205 0
-204 0
-203 0
-202 0
-201 0
-200 0
-199 0
-198 0
-197 0
-196 0
-195 0
-194 0
-193 0
-192 0
-191 0
-190 0
-189 0
-188 0
-187 0
-186 0
-185 0
-184 0
-183 0
-182 0
-181 0
-180 0
-179 0
-178 0
-177 0
-176 0
-175 0
-174 0
-173 0
-172 0
-171 0
-170 0
-169 0
-168 0
-167 0
-166 0
-165 0
-164 0
-163 0
-162 0
-161 0
-160 0
-159 0
-158 0
-157 0
-156 0
-155 0
-154 0
-153 0
-152 0
-151 0
-150 0
-149 0
-148 0
-147 0
-146 0
-145 0
-144 0
-143 0
-142 0
-141 0
-140 0
-139 0
-138 0
-137 0
-136 0
-135 0
-134 0
-133 0
-132 0
-131 0
-130 0
-129 0
-128 447
-127 466
-126 454
-125 438
-124 444
-123 400
-122 439
-121 447
-120 488
-119 447
-118 491
-117 432
-116 427
-115 456
-114 424
-113 455
-112 430
-111 464
-110 450
-109 433
-108 448
-107 456
-106 415
-105 441
-104 451
-103 437
-102 448
-101 479
-100 467
-99 504
-98 500
-97 439
-96 487
-95 469
-94 514
-93 477
-92 532
-91 490
-90 513
-89 504
-88 503
-87 496
-86 468
-85 506
-84 501
-83 512
-82 462
-81 518
-80 486
-79 445
-78 446
-77 457
-76 450
-75 429
-74 431
-73 440
-72 397
-71 418
-70 388
-69 380
-68 382
-67 397
-66 377
-65 361
-64 404
-63 384
-62 394
-61 378
-60 395
-59 372
-58 386
-57 418
-56 409
-55 382
-54 422
-53 410
-52 434
-51 430
-50 393
-49 394
-48 414
-47 450
-46 464
-45 480
-44 446
-43 496
-42 520
-41 488
-40 536
-39 546
-38 550
-37 583
-36 619
-35 645
-34 657
-33 648
-32 757
-31 764
-30 767
-29 841
-28 934
-27 899
-26 950
-25 1029
-24 1137
-23 1220
-22 1248
-21 1366
-20 1369
-19 1556
-18 1700
-17 1766
-16 1885
-15 2045
-14 2274
-13 2364
-12 2667
-11 2819
-10 3180
-9 3518
-8 3853
-7 4233
-6 4750
-5 5104
-4 5525
-3 6066
-2 6464
-1 6735
0 0
1 11831
2 7027
3 6634
4 6195
5 5738
6 5134
7 4676
8 4117
9 3824
10 3387
11 3099
12 2814
13 2670
14 2393
15 2334
16 2106
17 1893
18 1831
19 1716
20 1550
21 1486
22 1361
23 1331
24 1163
25 1141
26 1040
27 1067
28 898
29 872
30 858
31 731
32 737
33 734
34 685
35 639
36 604
37 563
38 533
39 521
40 516
41 453
42 476
43 495
44 445
45 450
46 413
47 373
48 392
49 340
50 384
51 370
52 430
53 396
54 369
55 365
56 352
57 382
58 332
59 387
60 351
61 358
62 358
63 354
64 372
65 362
66 373
67 373
68 383
69 425
70 428
71 425
72 419
73 419
74 420
75 454
76 474
77 482
78 449
79 519
80 478
81 538
82 534
83 482
84 464
85 503
86 500
87 487
88 543
89 478
90 488
91 485
92 478
93 471
94 468
95 473
96 460
97 478
98 464
99 491
100 398
101 448
102 462
103 422
104 417
105 401
106 413
107 422
108 443
109 386
110 406
111 414
112 409
113 410
114 451
115 432
116 437
117 438
118 388
119 434
120 440
121 456
122 420
123 435
124 426
125 457
126 421
127 421
128 438
129 0
130 0
131 0
132 0
133 0
134 0
135 0
136 0
137 0
138 0
139 0
140 0
141 0
142 0
143 0
144 0
145 0
146 0
147 0
148 0
149 0
150 0
151 0
152 0
153 0
154 0
155 0
156 0
157 0
158 0
159 0
160 0
161 0
162 0
163 0
164 0
165 0
166 0
167 0
168 0
169 0
170 0
171 0
172 0
173 0
174 0
175 0
176 0
177 0
178 0
179 0
180 0
181 0
182 0
183 0
184 0
185 0
186 0
187 0
188 0
189 0
190 0
191 0
192 0
193 0
194 0
195 0
196 0
197 0
198 0
199 0
200 0
201 0
202 0
203 0
204 0
205 0
206 0
207 0
208 0
209 0
210 0
211 0
212 0
213 0
214 0
215 0
216 0
217 0
218 0
219 0
220 0
221 0
222 0
223 0
224 0
225 0
226 0
227 0
228 0
229 0
230 0
231 0
232 0
233 0
234 0
235 0
236 0
237 0
238 0
239 0
240 0
241 0
242 0
243 0
244 0
245 0
246 0
247 0
248 0
249 0
250 0
251 0
252 0
253 0
254 0
255 0
256 0
