-255 0
-254 0
-253 0
-252 0
-251 0
-250 0
-249 0
-248 0
-247 0
-246 0
-245 0
-244 0
-243 0
-242 0
-241 0
-240 0
-239 0
-238 0
-237 0
-236 0
-235 0
-234 0
-233 0
-232 0
-231 0
-230 0
-229 0
-228 0
-227 0
-226 0
-225 0
-224 0
-223 0
-222 0
-221 0
-220 0
-219 0
-218 0
-217 0
-216 0
-215 0
-214 0
-213 0
-212 0
-211 0
-210 0
-209 0
-208 0
-207 0
-206 0
-205 0
-204 0
-203 0
-202 0
-201 0
-200 0
-199 0
-198 0
-197 0
-196 0
-195 0
-194 0
-193 0
-192 0
-191 0
-190 0
-189 0
-188 0
-187 0
-186 0
-185 0
-184 0
-183 0
-182 0
-181 0
-180 0
-179 0
-178 0
-177 0
-176 0
-175 0
-174 0
-173 0
-172 0
-171 0
-170 0
-169 0
-168 0
-167 0
-166 0
-165 0
-164 0
-163 0
-162 0
-161 0
-160 0
-159 0
-158 0
-157 0
-156 0
-155 0
-154 0
-153 0
-152 0
-151 0
-150 0
-149 0
-148 0
-147 0
-146 0
-145 0
-144 0
-143 0
-142 0
-141 0
-140 0
-139 0
-138 0
-137 0
-136 0
-135 0
-134 0
-133 0
-132 0
-131 0
-130 0
-129 0
-128 7
-127 6
-126 3
-125 7
-124 8
-123 3
-122 8
-121 6
-120 3
-119 13
-118 9
-117 12
-116 8
-115 4
-114 8
-113 8
-112 12
-111 11
-110 12
-109 16
-108 12
-107 8
-106 14
-105 18
-104 18
-103 12
-102 19
-101 12
-100 23
-99 13
-98 22
-97 23
-96 27
-95 20
-94 21
-93 25
-92 30
-91 42
-90 48
-89 32
-88 34
-87 49
-86 39
-85 44
-84 42
-83 52
-82 66
-81 52
-80 60
-79 68
-78 64
-77 68
-76 77
-75 75
-74 81
-73 73
-72 105
-71 99
-70 95
-69 117
-68 103
-67 117
-66 144
-65 156
-64 155
-63 168
-62 181
-61 178
-60 189
-59 220
-58 208
-57 214
-56 244
-55 251
-54 265
-53 293
-52 287
-51 316
-50 337
-49 338
-48 317
-47 379
-46 422
-45 414
-44 466
-43 500
-42 511
-41 523
-40 608
-39 594
-38 651
-37 688
-36 774
-35 777
-34 860
-33 911
-32 1025
-31 1015
-30 1137
-29 1263
-28 1296
-27 1423
-26 1490
-25 1549
-24 1740
-23 1854
-22 2036
-21 2075
-20 2272
-19 2505
-18 2690
-17 2905
-16 3058
-15 3231
-14 3567
-13 3629
-12 4034
-11 4083
-10 4410
-9 4625
-8 4869
-7 5272
-6 5609
-5 6121
-4 6775
-3 7207
-2 7954
-1 8394
0 0
1 8719
2 8610
3 8097
4 7485
5 6809
6 6295
7 5699
8 5287
9 4790
10 4556
11 4168
12 4089
13 3751
14 3577
15 3330
16 3272
17 3003
18 2827
19 2635
20 2410
21 2275
22 2094
23 1982
24 1840
25 1695
26 1577
27 1512
28 1355
29 1309
30 1213
31 1132
32 1035
33 971
34 990
35 894
36 729
37 729
38 702
39 731
40 686
41 594
42 557
43 484
44 470
45 506
46 413
47 414
48 381
49 392
50 382
51 330
52 314
53 314
54 286
55 270
56 247
57 233
58 209
59 229
60 191
61 180
62 174
63 170
64 152
65 146
66 179
67 144
68 138
69 116
70 126
71 105
72 96
73 107
74 111
75 80
76 85
77 76
78 65
79 60
80 74
81 54
82 52
83 59
84 42
85 45
86 35
87 31
88 35
89 32
90 37
91 22
92 30
93 38
94 25
95 14
96 17
97 18
98 8
99 23
100 18
101 13
102 8
103 18
104 8
105 10
106 8
107 13
108 13
109 10
110 7
111 8
112 8
113 7
114 10
115 4
116 3
117 6
118 5
119 7
120 5
121 9
122 6
123 8
124 5
125 5
126 4
127 3
128 3
129 0
130 0
131 0
132 0
133 0
134 0
135 0
136 0
137 0
138 0
139 0
140 0
141 0
142 0
143 0
144 0
145 0
146 0
147 0
148 0
149 0
150 0
151 0
152 0
153 0
154 0
155 0
156 0
157 0
158 0
159 0
160 0
161 0
162 0
163 0
164 0
165 0
166 0
167 0
168 0
169 0
170 0
171 0
172 0
173 0
174 0
175 0
176 0
177 0
178 0
179 0
180 0
181 0
182 0
183 0
184 0
185 0
186 0
187 0
188 0
189 0
190 0
191 0
192 0
193 0
194 0
195 0
196 0
197 0
198 0
199 0
200 0
201 0
202 0
203 0
204 0
205 0
206 0
207 0
208 0
209 0
210 0
211 0
212 0
213 0
214 0
215 0
216 0
217 0
218 0
219 0
220 0
221 0
222 0
223 0
224 0
225 0
226 0
227 0
228 0
229 0
230 0
231 0
232 0
233 0
234 0
235 0
236 0
237 0
238 0
239 0
240 0
241 0
242 0
243 0
244 0
245 0
246 0
247 0
248 0
249 0
250 0
251 0
252 0
253 0
254 0
255 0
256 0
