-255 0
-254 0
-253 0
-252 0
-251 0
-250 0
-249 0
-248 0
-247 0
-246 0
-245 0
-244 0
-243 0
-242 0
-241 0
-240 0
-239 0
-238 0
-237 0
-236 0
-235 0
-234 0
-233 0
-232 0
-231 0
-230 0
-229 0
-228 0
-227 0
-226 0
-225 0
-224 0
-223 0
-222 0
-221 0
-220 0
-219 0
-218 0
-217 0
-216 0
-215 0
-214 0
-213 0
-212 0
-211 0
-210 0
-209 0
-208 0
-207 0
-206 0
-205 0
-204 0
-203 0
-202 0
-201 0
-200 0
-199 0
-198 0
-197 0
-196 0
-195 0
-194 0
-193 0
-192 0
-191 0
-190 0
-189 0
-188 0
-187 0
-186 0
-185 0
-184 0
-183 0
-182 0
-181 0
-180 0
-179 0
-178 0
-177 0
-176 0
-175 0
-174 0
-173 0
-172 0
-171 0
-170 0
-169 0
-168 0
-167 0
-166 0
-165 0
-164 0
-163 0
-162 0
-161 0
-160 0
-159 0
-158 0
-157 0
-156 0
-155 0
-154 0
-153 0
-152 0
-151 0
-150 0
-149 0
-148 0
-147 0
-146 0
-145 0
-144 0
-143 0
-142 0
-141 0
-140 0
-139 0
-138 0
-137 0
-136 0
-135 0
-134 0
-133 0
-132 0
-131 0
-130 0
-129 0
-128 19
-127 20
-126 15
-125 19
-124 35
-123 22
-122 23
-121 33
-120 42
-119 24
-118 30
-117 31
-116 29
-115 44
-114 32
-113 34
-112 35
-111 28
-110 31
-109 58
-108 45
-107 57
-106 46
-105 63
-104 70
-103 60
-102 72
-101 48
-100 73
-99 79
-98 65
-97 80
-96 92
-95 87
-94 91
-93 99
-92 98
-91 119
-90 111
-89 104
-88 118
-87 137
-86 137
-85 133
-84 142
-83 134
-82 142
-81 145
-80 152
-79 161
-78 198
-77 193
-76 170
-75 206
-74 193
-73 217
-72 195
-71 229
-70 219
-69 234
-68 241
-67 267
-66 274
-65 293
-64 296
-63 286
-62 290
-61 311
-60 303
-59 339
-58 364
-57 343
-56 391
-55 416
-54 415
-53 419
-52 487
-51 447
-50 486
-49 457
-48 526
-47 523
-46 544
-45 545
-44 592
-43 629
-42 669
-41 678
-40 733
-39 738
-38 762
-37 819
-36 859
-35 867
-34 891
-33 985
-32 1025
-31 1071
-30 1190
-29 1203
-28 1229
-27 1373
-26 1416
-25 1543
-24 1590
-23 1749
-22 1794
-21 2025
-20 2012
-19 2094
-18 2349
-17 2553
-16 2649
-15 2922
-14 3094
-13 3172
-12 3440
-11 3809
-10 3918
-9 4269
-8 4520
-7 4833
-6 5256
-5 5781
-4 6275
-3 6932
-2 7382
-1 7856
0 0
1 7959
2 7689
3 7564
4 6960
5 6465
6 5874
7 5152
8 4994
9 4479
10 4270
11 3840
12 3777
13 3514
14 3266
15 3113
16 2954
17 2772
18 2572
19 2466
20 2396
21 2146
22 2045
23 1911
24 1738
25 1686
26 1624
27 1469
28 1340
29 1352
30 1185
31 1168
32 1045
33 1025
34 900
35 934
36 881
37 883
38 791
39 756
40 734
41 716
42 662
43 608
44 603
45 559
46 546
47 513
48 508
49 513
50 457
51 481
52 414
53 455
54 437
55 416
56 408
57 383
58 367
59 357
60 321
61 346
62 310
63 313
64 304
65 322
66 255
67 259
68 267
69 255
70 215
71 220
72 250
73 240
74 204
75 214
76 188
77 185
78 189
79 178
80 156
81 148
82 156
83 146
84 133
85 129
86 142
87 141
88 156
89 113
90 122
91 99
92 96
93 101
94 96
95 101
96 78
97 81
98 93
99 101
100 68
101 76
102 68
103 66
104 62
105 51
106 50
107 58
108 46
109 49
110 38
111 43
112 39
113 31
114 45
115 52
116 31
117 24
118 32
119 37
120 31
121 28
122 28
123 27
124 32
125 25
126 22
127 23
128 20
129 0
130 0
131 0
132 0
133 0
134 0
135 0
136 0
137 0
138 0
139 0
140 0
141 0
142 0
143 0
144 0
145 0
146 0
147 0
148 0
149 0
150 0
151 0
152 0
153 0
154 0
155 0
156 0
157 0
158 0
159 0
160 0
161 0
162 0
163 0
164 0
165 0
166 0
167 0
168 0
169 0
170 0
171 0
172 0
173 0
174 0
175 0
176 0
177 0
178 0
179 0
180 0
181 0
182 0
183 0
184 0
185 0
186 0
187 0
188 0
189 0
190 0
191 0
192 0
193 0
194 0
195 0
196 0
197 0
198 0
199 0
200 0
201 0
202 0
203 0
204 0
205 0
206 0
207 0
208 0
209 0
210 0
211 0
212 0
213 0
214 0
215 0
216 0
217 0
218 0
219 0
220 0
221 0
222 0
223 0
224 0
225 0
226 0
227 0
228 0
229 0
230 0
231 0
232 0
233 0
234 0
235 0
236 0
237 0
238 0
239 0
240 0
241 0
242 0
243 0
244 0
245 0
246 0
247 0
248 0
249 0
250 0
251 0
252 0
253 0
254 0
255 0
256 0
