-255 0
-254 0
-253 0
-252 0
-251 0
-250 0
-249 0
-248 0
-247 0
-246 0
-245 0
-244 0
-243 0
-242 0
-241 0
-240 0
-239 0
-238 0
-237 0
-236 0
-235 0
-234 0
-233 0
-232 0
-231 0
-230 0
-229 0
-228 0
-227 0
-226 0
-225 0
-224 0
-223 0
-222 0
-221 0
-220 0
-219 0
-218 0
-217 0
-216 0
-215 0
-214 0
-213 0
-212 0
-211 0
-210 0
-209 0
-208 0
-207 0
-206 0
-205 0
-204 0
-203 0
-202 0
-201 0
-200 0
-199 0
-198 0
-197 0
-196 0
-195 0
-194 0
-193 0
-192 0
-191 0
-190 0
-189 0
-188 0
-187 0
-186 0
-185 0
-184 0
-183 0
-182 0
-181 0
-180 0
-179 0
-178 0
-177 0
-176 0
-175 0
-174 0
-173 0
-172 0
-171 0
-170 0
-169 0
-168 0
-167 0
-166 0
-165 0
-164 0
-163 0
-162 0
-161 0
-160 0
-159 0
-158 0
-157 0
-156 0
-155 0
-154 0
-153 0
-152 0
-151 0
-150 0
-149 0
-148 0
-147 0
-146 0
-145 0
-144 0
-143 0
-142 0
-141 0
-140 0
-139 0
-138 0
-137 0
-136 0
-135 0
-134 0
-133 0
-132 0
-131 0
-130 0
-129 0
-128 33
-127 33
-126 20
-125 53
-124 44
-123 32
-122 46
-121 31
-120 38
-119 23
-118 30
-117 54
-116 36
-115 41
-114 45
-113 50
-112 53
-111 42
-110 46
-109 47
-108 48
-107 51
-106 77
-105 67
-104 68
-103 67
-102 78
-101 85
-100 95
-99 85
-98 102
-97 94
-96 121
-95 103
-94 111
-93 101
-92 101
-91 136
-90 137
-89 146
-88 159
-87 126
-86 155
-85 148
-84 163
-83 151
-82 159
-81 175
-80 177
-79 167
-78 202
-77 214
-76 218
-75 219
-74 229
-73 232
-72 253
-71 252
-70 243
-69 241
-68 254
-67 283
-66 281
-65 269
-64 313
-63 344
-62 338
-61 350
-60 342
-59 359
-58 369
-57 389
-56 390
-55 423
-54 458
-53 429
-52 490
-51 501
-50 464
-49 543
-48 550
-47 567
-46 554
-45 580
-44 667
-43 737
-42 675
-41 736
-40 748
-39 774
-38 795
-37 851
-36 824
-35 910
-34 1005
-33 1031
-32 1070
-31 1164
-30 1234
-29 1265
-28 1350
-27 1453
-26 1550
-25 1508
-24 1690
-23 1874
-22 1868
-21 2059
-20 2076
-19 2250
-18 2247
-17 2483
-16 2611
-15 2796
-14 2866
-13 3124
-12 3379
-11 3502
-10 3736
-9 3943
-8 4245
-7 4616
-6 4954
-5 5458
-4 6133
-3 6757
-2 7447
-1 7971
0 0
1 8328
2 8073
3 7416
4 6868
5 6117
6 5479
7 4969
8 4590
9 4366
10 3935
11 3791
12 3585
13 3351
14 3142
15 3006
16 2891
17 2611
18 2505
19 2359
20 2180
21 2060
22 1930
23 1864
24 1775
25 1677
26 1635
27 1548
28 1347
29 1302
30 1315
31 1172
32 1144
33 1026
34 1025
35 991
36 920
37 898
38 818
39 795
40 721
41 721
42 688
43 697
44 635
45 612
46 635
47 581
48 573
49 540
50 501
51 498
52 506
53 470
54 477
55 398
56 431
57 366
58 377
59 379
60 344
61 391
62 348
63 317
64 285
65 342
66 310
67 291
68 268
69 263
70 239
71 264
72 237
73 248
74 213
75 213
76 199
77 210
78 168
79 186
80 183
81 183
82 160
83 188
84 180
85 152
86 161
87 147
88 129
89 139
90 139
91 130
92 143
93 123
94 127
95 102
96 100
97 110
98 95
99 86
100 98
101 83
102 73
103 81
104 76
105 64
106 64
107 86
108 63
109 55
110 60
111 54
112 53
113 45
114 53
115 56
116 52
117 40
118 53
119 47
120 46
121 42
122 48
123 29
124 23
125 38
126 32
127 38
128 44
129 0
130 0
131 0
132 0
133 0
134 0
135 0
136 0
137 0
138 0
139 0
140 0
141 0
142 0
143 0
144 0
145 0
146 0
147 0
148 0
149 0
150 0
151 0
152 0
153 0
154 0
155 0
156 0
157 0
158 0
159 0
160 0
161 0
162 0
163 0
164 0
165 0
166 0
167 0
168 0
169 0
170 0
171 0
172 0
173 0
174 0
175 0
176 0
177 0
178 0
179 0
180 0
181 0
182 0
183 0
184 0
185 0
186 0
187 0
188 0
189 0
190 0
191 0
192 0
193 0
194 0
195 0
196 0
197 0
198 0
199 0
200 0
201 0
202 0
203 0
204 0
205 0
206 0
207 0
208 0
209 0
210 0
211 0
212 0
213 0
214 0
215 0
216 0
217 0
218 0
219 0
220 0
221 0
222 0
223 0
224 0
225 0
226 0
227 0
228 0
229 0
230 0
231 0
232 0
233 0
234 0
235 0
236 0
237 0
238 0
239 0
240 0
241 0
242 0
243 0
244 0
245 0
246 0
247 0
248 0
249 0
250 0
251 0
252 0
253 0
254 0
255 0
256 0
