-255 0
-254 0
-253 0
-252 0
-251 0
-250 0
-249 0
-248 0
-247 0
-246 0
-245 0
-244 0
-243 0
-242 0
-241 0
-240 0
-239 0
-238 0
-237 0
-236 0
-235 0
-234 0
-233 0
-232 0
-231 0
-230 0
-229 0
-228 0
-227 0
-226 0
-225 0
-224 0
-223 0
-222 0
-221 0
-220 0
-219 0
-218 0
-217 0
-216 0
-215 0
-214 0
-213 0
-212 0
-211 0
-210 0
-209 0
-208 0
-207 0
-206 0
-205 0
-204 0
-203 0
-202 0
-201 0
-200 0
-199 0
-198 0
-197 0
-196 0
-195 0
-194 0
-193 0
-192 0
-191 0
-190 0
-189 0
-188 0
-187 0
-186 0
-185 0
-184 0
-183 0
-182 0
-181 0
-180 0
-179 0
-178 0
-177 0
-176 0
-175 0
-174 0
-173 0
-172 0
-171 0
-170 0
-169 0
-168 0
-167 0
-166 0
-165 0
-164 0
-163 0
-162 0
-161 0
-160 0
-159 0
-158 0
-157 0
-156 0
-155 0
-154 0
-153 0
-152 0
-151 0
-150 0
-149 0
-148 0
-147 0
-146 0
-145 0
-144 0
-143 0
-142 0
-141 0
-140 0
-139 0
-138 0
-137 0
-136 0
-135 0
-134 0
-133 0
-132 0
-131 0
-130 0
-129 0
-128 330
-127 328
-126 312
-125 348
-124 348
-123 351
-122 352
-121 348
-120 332
-119 333
-118 352
-117 359
-116 314
-115 376
-114 354
-113 360
-112 326
-111 341
-110 339
-109 345
-108 314
-107 394
-106 365
-105 370
-104 386
-103 389
-102 332
-101 368
-100 400
-99 444
-98 379
-97 415
-96 429
-95 450
-94 456
-93 459
-92 480
-91 467
-90 448
-89 497
-88 434
-87 463
-86 500
-85 485
-84 497
-83 490
-82 520
-81 502
-80 453
-79 469
-78 453
-77 442
-76 432
-75 428
-74 387
-73 374
-72 352
-71 372
-70 333
-69 341
-68 307
-67 302
-66 297
-65 291
-64 280
-63 296
-62 301
-61 307
-60 259
-59 304
-58 295
-57 269
-56 276
-55 281
-54 288
-53 286
-52 288
-51 318
-50 273
-49 323
-48 322
-47 312
-46 320
-45 353
-44 355
-43 377
-42 383
-41 383
-40 416
-39 385
-38 446
-37 429
-36 440
-35 566
-34 512
-33 587
-32 572
-31 643
-30 704
-29 748
-28 787
-27 885
-26 943
-25 956
-24 1058
-23 1246
-22 1350
-21 1345
-20 1510
-19 1685
-18 1718
-17 1962
-16 2124
-15 2264
-14 2459
-13 2681
-12 2904
-11 3044
-10 3230
-9 3550
-8 3819
-7 4268
-6 4461
-5 5086
-4 5719
-3 6502
-2 7465
-1 8349
0 0
1 15009
2 8653
3 7804
4 6883
5 6206
6 5193
7 4674
8 4480
9 4029
10 3655
11 3284
12 3085
13 2955
14 2712
15 2585
16 2241
17 2025
18 1931
19 1788
20 1641
21 1460
22 1406
23 1253
24 1134
25 1073
26 987
27 927
28 821
29 812
30 739
31 683
32 665
33 590
34 537
35 542
36 536
37 489
38 439
39 463
40 417
41 394
42 355
43 362
44 343
45 366
46 324
47 348
48 310
49 355
50 284
51 332
52 307
53 290
54 313
55 329
56 275
57 298
58 312
59 282
60 309
61 303
62 343
63 349
64 320
65 324
66 357
67 341
68 358
69 337
70 365
71 360
72 399
73 412
74 399
75 412
76 421
77 434
78 463
79 467
80 502
81 489
82 482
83 481
84 523
85 512
86 537
87 482
88 468
89 476
90 444
91 476
92 510
93 433
94 458
95 461
96 419
97 443
98 443
99 410
100 383
101 390
102 413
103 370
104 362
105 367
106 332
107 328
108 360
109 357
110 323
111 339
112 321
113 364
114 348
115 308
116 329
117 305
118 346
119 309
120 317
121 350
122 322
123 315
124 325
125 334
126 350
127 352
128 337
129 0
130 0
131 0
132 0
133 0
134 0
135 0
136 0
137 0
138 0
139 0
140 0
141 0
142 0
143 0
144 0
145 0
146 0
147 0
148 0
149 0
150 0
151 0
152 0
153 0
154 0
155 0
156 0
157 0
158 0
159 0
160 0
161 0
162 0
163 0
164 0
165 0
166 0
167 0
168 0
169 0
170 0
171 0
172 0
173 0
174 0
175 0
176 0
177 0
178 0
179 0
180 0
181 0
182 0
183 0
184 0
185 0
186 0
187 0
188 0
189 0
190 0
191 0
192 0
193 0
194 0
195 0
196 0
197 0
198 0
199 0
200 0
201 0
202 0
203 0
204 0
205 0
206 0
207 0
208 0
209 0
210 0
211 0
212 0
213 0
214 0
215 0
216 0
217 0
218 0
219 0
220 0
221 0
222 0
223 0
224 0
225 0
226 0
227 0
228 0
229 0
230 0
231 0
232 0
233 0
234 0
235 0
236 0
237 0
238 0
239 0
240 0
241 0
242 0
243 0
244 0
245 0
246 0
247 0
248 0
249 0
250 0
251 0
252 0
253 0
254 0
255 0
256 0
