-255 0
-254 0
-253 0
-252 0
-251 0
-250 0
-249 0
-248 0
-247 1
-246 0
-245 1
-244 0
-243 0
-242 1
-241 0
-240 3
-239 0
-238 0
-237 4
-236 4
-235 1
-234 5
-233 6
-232 4
-231 6
-230 4
-229 7
-228 8
-227 10
-226 12
-225 15
-224 23
-223 17
-222 19
-221 28
-220 16
-219 38
-218 48
-217 39
-216 52
-215 49
-214 55
-213 47
-212 65
-211 47
-210 66
-209 61
-208 87
-207 72
-206 79
-205 92
-204 68
-203 105
-202 76
-201 101
-200 110
-199 87
-198 106
-197 113
-196 99
-195 105
-194 108
-193 105
-192 109
-191 98
-190 112
-189 113
-188 93
-187 107
-186 114
-185 100
-184 89
-183 95
-182 98
-181 118
-180 89
-179 96
-178 90
-177 98
-176 90
-175 104
-174 104
-173 88
-172 106
-171 101
-170 109
-169 107
-168 97
-167 114
-166 94
-165 104
-164 102
-163 134
-162 110
-161 111
-160 123
-159 108
-158 104
-157 97
-156 119
-155 145
-154 149
-153 95
-152 131
-151 133
-150 157
-149 196
-148 172
-147 203
-146 249
-145 260
-144 265
-143 285
-142 298
-141 315
-140 339
-139 309
-138 339
-137 310
-136 313
-135 336
-134 285
-133 296
-132 281
-131 275
-130 250
-129 257
-128 257
-127 243
-126 245
-125 213
-124 212
-123 228
-122 184
-121 223
-120 184
-119 176
-118 183
-117 183
-116 173
-115 151
-114 159
-113 152
-112 124
-111 127
-110 124
-109 111
-108 116
-107 117
-106 110
-105 107
-104 83
-103 93
-102 102
-101 96
-100 84
-99 73
-98 72
-97 72
-96 64
-95 68
-94 62
-93 76
-92 59
-91 73
-90 74
-89 55
-88 60
-87 59
-86 83
-85 66
-84 87
-83 83
-82 87
-81 97
-80 103
-79 107
-78 159
-77 150
-76 209
-75 225
-74 269
-73 301
-72 297
-71 353
-70 346
-69 362
-68 391
-67 352
-66 339
-65 324
-64 323
-63 290
-62 286
-61 255
-60 260
-59 226
-58 227
-57 207
-56 231
-55 245
-54 226
-53 221
-52 215
-51 208
-50 219
-49 241
-48 224
-47 223
-46 202
-45 236
-44 249
-43 255
-42 275
-41 314
-40 310
-39 327
-38 355
-37 388
-36 428
-35 419
-34 466
-33 496
-32 528
-31 558
-30 667
-29 686
-28 795
-27 877
-26 929
-25 996
-24 1103
-23 1224
-22 1259
-21 1493
-20 1565
-19 1648
-18 1878
-17 1985
-16 2123
-15 2360
-14 2640
-13 2800
-12 3068
-11 3363
-10 3756
-9 4062
-8 4425
-7 5003
-6 5546
-5 6097
-4 6517
-3 7093
-2 7264
-1 7696
0 0
1 15336
2 7811
3 7502
4 6958
5 6463
6 5807
7 5541
8 4949
9 4414
10 3991
11 3548
12 3230
13 2931
14 2698
15 2473
16 2234
17 2049
18 1845
19 1721
20 1661
21 1517
22 1334
23 1292
24 1191
25 1076
26 1035
27 943
28 839
29 805
30 755
31 675
32 625
33 516
34 519
35 447
36 432
37 404
38 382
39 368
40 353
41 333
42 278
43 300
44 267
45 265
46 269
47 241
48 237
49 216
50 248
51 249
52 226
53 247
54 229
55 233
56 222
57 226
58 248
59 238
60 237
61 243
62 287
63 274
64 280
65 287
66 327
67 345
68 353
69 342
70 316
71 331
72 356
73 347
74 325
75 229
76 228
77 189
78 176
79 115
80 104
81 78
82 92
83 85
84 82
85 51
86 63
87 64
88 60
89 50
90 51
91 57
92 42
93 68
94 42
95 61
96 60
97 57
98 62
99 58
100 66
101 67
102 78
103 62
104 68
105 80
106 82
107 94
108 105
109 96
110 118
111 127
112 119
113 134
114 159
115 155
116 155
117 178
118 167
119 189
120 218
121 179
122 195
123 244
124 212
125 250
126 266
127 297
128 281
129 315
130 296
131 298
132 300
133 310
134 338
135 382
136 354
137 363
138 332
139 327
140 318
141 308
142 352
143 303
144 292
145 258
146 263
147 224
148 235
149 200
150 197
151 153
152 115
153 128
154 108
155 133
156 89
157 109
158 117
159 111
160 87
161 115
162 103
163 116
164 113
165 92
166 109
167 105
168 100
169 94
170 88
171 119
172 89
173 99
174 90
175 96
176 107
177 104
178 99
179 80
180 90
181 93
182 95
183 92
184 101
185 100
186 111
187 98
188 93
189 106
190 99
191 91
192 106
193 100
194 104
195 90
196 87
197 107
198 100
199 95
200 93
201 99
202 87
203 96
204 84
205 81
206 72
207 80
208 88
209 79
210 76
211 83
212 80
213 73
214 67
215 59
216 65
217 34
218 53
219 44
220 41
221 28
222 27
223 21
224 18
225 13
226 16
227 13
228 7
229 6
230 10
231 9
232 3
233 6
234 10
235 5
236 6
237 7
238 1
239 4
240 3
241 3
242 2
243 2
244 2
245 3
246 0
247 3
248 2
249 0
250 1
251 0
252 0
253 0
254 0
255 0
256 0
