-255 0
-254 0
-253 0
-252 0
-251 1
-250 0
-249 0
-248 0
-247 1
-246 1
-245 1
-244 1
-243 1
-242 1
-241 2
-240 1
-239 0
-238 4
-237 3
-236 0
-235 2
-234 7
-233 6
-232 7
-231 13
-230 8
-229 10
-228 6
-227 6
-226 15
-225 9
-224 19
-223 26
-222 21
-221 27
-220 36
-219 41
-218 35
-217 57
-216 45
-215 59
-214 60
-213 81
-212 76
-211 55
-210 67
-209 82
-208 81
-207 79
-206 87
-205 96
-204 104
-203 94
-202 112
-201 117
-200 134
-199 126
-198 128
-197 154
-196 147
-195 135
-194 112
-193 130
-192 154
-191 141
-190 140
-189 136
-188 159
-187 151
-186 170
-185 152
-184 150
-183 152
-182 160
-181 162
-180 179
-179 175
-178 169
-177 154
-176 160
-175 166
-174 203
-173 169
-172 181
-171 195
-170 178
-169 190
-168 193
-167 199
-166 205
-165 206
-164 190
-163 195
-162 198
-161 179
-160 191
-159 188
-158 205
-157 205
-156 210
-155 206
-154 188
-153 198
-152 204
-151 211
-150 220
-149 267
-148 272
-147 264
-146 286
-145 292
-144 292
-143 346
-142 338
-141 332
-140 363
-139 339
-138 354
-137 361
-136 310
-135 361
-134 307
-133 315
-132 304
-131 315
-130 281
-129 271
-128 279
-127 288
-126 297
-125 249
-124 238
-123 254
-122 241
-121 252
-120 224
-119 209
-118 190
-117 222
-116 191
-115 167
-114 174
-113 147
-112 177
-111 152
-110 149
-109 120
-108 147
-107 139
-106 128
-105 115
-104 125
-103 108
-102 112
-101 100
-100 100
-99 90
-98 84
-97 82
-96 104
-95 98
-94 78
-93 79
-92 79
-91 72
-90 82
-89 79
-88 87
-87 78
-86 97
-85 101
-84 80
-83 104
-82 95
-81 105
-80 100
-79 128
-78 148
-77 160
-76 197
-75 237
-74 250
-73 275
-72 346
-71 380
-70 360
-69 360
-68 363
-67 334
-66 313
-65 334
-64 314
-63 290
-62 319
-61 286
-60 257
-59 246
-58 270
-57 223
-56 254
-55 269
-54 258
-53 247
-52 256
-51 242
-50 280
-49 278
-48 264
-47 289
-46 317
-45 323
-44 324
-43 378
-42 352
-41 370
-40 357
-39 378
-38 418
-37 491
-36 507
-35 490
-34 530
-33 581
-32 640
-31 623
-30 705
-29 761
-28 830
-27 853
-26 973
-25 1001
-24 1083
-23 1136
-22 1195
-21 1323
-20 1409
-19 1484
-18 1626
-17 1719
-16 1940
-15 2099
-14 2269
-13 2490
-12 2700
-11 2936
-10 3358
-9 3716
-8 4023
-7 4500
-6 4877
-5 5393
-4 5894
-3 6315
-2 6687
-1 7218
0 0
1 14288
2 6927
3 6811
4 6593
5 5905
6 5467
7 4914
8 4356
9 4065
10 3743
11 3404
12 3091
13 2802
14 2603
15 2366
16 2180
17 1955
18 1876
19 1725
20 1675
21 1488
22 1354
23 1295
24 1174
25 1110
26 1002
27 931
28 904
29 875
30 797
31 697
32 726
33 673
34 647
35 554
36 536
37 472
38 489
39 427
40 463
41 414
42 400
43 375
44 385
45 356
46 350
47 323
48 299
49 277
50 328
51 276
52 285
53 290
54 285
55 271
56 274
57 269
58 279
59 289
60 281
61 276
62 298
63 292
64 303
65 321
66 343
67 350
68 355
69 397
70 379
71 331
72 317
73 331
74 313
75 247
76 241
77 223
78 184
79 151
80 153
81 126
82 133
83 93
84 95
85 93
86 77
87 81
88 90
89 81
90 87
91 89
92 89
93 100
94 99
95 95
96 103
97 95
98 95
99 120
100 107
101 109
102 128
103 114
104 138
105 134
106 118
107 149
108 145
109 143
110 143
111 160
112 182
113 189
114 184
115 188
116 196
117 228
118 210
119 223
120 256
121 235
122 232
123 278
124 265
125 246
126 296
127 278
128 299
129 288
130 286
131 334
132 298
133 323
134 301
135 352
136 369
137 354
138 366
139 365
140 365
141 384
142 379
143 331
144 304
145 299
146 288
147 290
148 255
149 243
150 239
151 222
152 222
153 193
154 174
155 177
156 184
157 177
158 188
159 198
160 165
161 190
162 164
163 153
164 163
165 179
166 186
167 179
168 165
169 158
170 164
171 155
172 167
173 167
174 169
175 155
176 157
177 139
178 149
179 155
180 178
181 144
182 145
183 145
184 144
185 126
186 188
187 157
188 145
189 158
190 152
191 142
192 160
193 128
194 111
195 139
196 115
197 114
198 106
199 103
200 111
201 95
202 105
203 80
204 88
205 101
206 79
207 83
208 81
209 80
210 68
211 66
212 69
213 82
214 56
215 55
216 56
217 43
218 54
219 36
220 27
221 32
222 23
223 21
224 20
225 16
226 13
227 7
228 12
229 8
230 4
231 8
232 6
233 3
234 2
235 6
236 4
237 1
238 2
239 0
240 1
241 3
242 0
243 2
244 0
245 0
246 0
247 0
248 0
249 0
250 0
251 0
252 0
253 0
254 0
255 0
256 0
