-255 0
-254 0
-253 0
-252 0
-251 0
-250 0
-249 0
-248 0
-247 0
-246 2
-245 4
-244 1
-243 2
-242 2
-241 4
-240 3
-239 0
-238 3
-237 1
-236 3
-235 3
-234 3
-233 3
-232 6
-231 4
-230 8
-229 6
-228 14
-227 6
-226 10
-225 11
-224 12
-223 20
-222 26
-221 25
-220 32
-219 43
-218 38
-217 51
-216 52
-215 55
-214 54
-213 71
-212 66
-211 83
-210 79
-209 97
-208 100
-207 97
-206 97
-205 107
-204 118
-203 113
-202 117
-201 118
-200 114
-199 133
-198 150
-197 137
-196 123
-195 149
-194 143
-193 155
-192 166
-191 170
-190 141
-189 165
-188 160
-187 139
-186 175
-185 184
-184 184
-183 159
-182 192
-181 175
-180 199
-179 176
-178 168
-177 177
-176 179
-175 185
-174 196
-173 191
-172 166
-171 192
-170 193
-169 200
-168 220
-167 188
-166 208
-165 201
-164 228
-163 190
-162 230
-161 209
-160 253
-159 226
-158 199
-157 211
-156 217
-155 221
-154 202
-153 210
-152 225
-151 237
-150 256
-149 238
-148 274
-147 290
-146 313
-145 289
-144 310
-143 331
-142 351
-141 335
-140 372
-139 367
-138 384
-137 345
-136 376
-135 366
-134 353
-133 359
-132 344
-131 327
-130 336
-129 342
-128 329
-127 305
-126 302
-125 293
-124 301
-123 276
-122 276
-121 264
-120 283
-119 248
-118 241
-117 263
-116 254
-115 235
-114 202
-113 195
-112 192
-111 208
-110 169
-109 195
-108 176
-107 182
-106 173
-105 145
-104 140
-103 145
-102 139
-101 138
-100 126
-99 127
-98 118
-97 110
-96 126
-95 119
-94 107
-93 120
-92 118
-91 107
-90 110
-89 84
-88 88
-87 92
-86 91
-85 106
-84 78
-83 79
-82 93
-81 113
-80 114
-79 116
-78 144
-77 165
-76 147
-75 203
-74 236
-73 270
-72 281
-71 302
-70 341
-69 303
-68 319
-67 325
-66 357
-65 349
-64 311
-63 344
-62 297
-61 281
-60 301
-59 265
-58 272
-57 266
-56 302
-55 243
-54 273
-53 255
-52 269
-51 265
-50 292
-49 283
-48 291
-47 319
-46 294
-45 331
-44 339
-43 383
-42 358
-41 368
-40 400
-39 407
-38 450
-37 471
-36 485
-35 523
-34 558
-33 581
-32 621
-31 691
-30 719
-29 822
-28 860
-27 939
-26 1005
-25 1044
-24 1130
-23 1207
-22 1226
-21 1428
-20 1472
-19 1633
-18 1724
-17 1877
-16 1999
-15 2220
-14 2322
-13 2573
-12 2806
-11 2995
-10 3363
-9 3691
-8 4082
-7 4331
-6 4672
-5 5111
-4 5459
-3 5785
-2 6177
-1 6504
0 0
1 13007
2 6346
3 6243
4 5886
5 5498
6 5222
7 4687
8 4214
9 3926
10 3515
11 3311
12 3035
13 2793
14 2497
15 2363
16 2089
17 2040
18 1919
19 1803
20 1643
21 1469
22 1369
23 1288
24 1162
25 1128
26 1067
27 1014
28 994
29 886
30 798
31 738
32 719
33 702
34 632
35 594
36 572
37 521
38 531
39 514
40 465
41 399
42 425
43 389
44 390
45 381
46 311
47 329
48 341
49 327
50 325
51 305
52 291
53 311
54 267
55 290
56 280
57 288
58 311
59 319
60 288
61 293
62 289
63 309
64 339
65 324
66 290
67 331
68 345
69 337
70 329
71 333
72 329
73 282
74 268
75 217
76 191
77 150
78 156
79 122
80 137
81 114
82 118
83 93
84 86
85 98
86 81
87 81
88 92
89 108
90 126
91 96
92 95
93 107
94 118
95 100
96 119
97 111
98 119
99 111
100 133
101 142
102 144
103 173
104 120
105 182
106 188
107 159
108 182
109 194
110 179
111 232
112 181
113 231
114 234
115 198
116 236
117 286
118 261
119 266
120 261
121 266
122 290
123 299
124 283
125 324
126 316
127 326
128 318
129 350
130 353
131 378
132 398
133 356
134 377
135 365
136 366
137 431
138 364
139 419
140 427
141 372
142 354
143 397
144 365
145 339
146 320
147 323
148 298
149 255
150 243
151 228
152 217
153 193
154 203
155 222
156 186
157 204
158 198
159 192
160 188
161 197
162 202
163 188
164 208
165 194
166 227
167 204
168 168
169 195
170 186
171 159
172 161
173 172
174 155
175 181
176 193
177 184
178 177
179 172
180 162
181 156
182 174
183 177
184 163
185 153
186 146
187 166
188 164
189 143
190 176
191 136
192 135
193 132
194 137
195 148
196 132
197 120
198 131
199 124
200 115
201 104
202 112
203 102
204 107
205 110
206 81
207 75
208 89
209 91
210 90
211 81
212 64
213 71
214 51
215 62
216 47
217 57
218 38
219 46
220 34
221 34
222 30
223 23
224 15
225 24
226 22
227 15
228 12
229 11
230 19
231 7
232 7
233 8
234 5
235 5
236 4
237 7
238 5
239 2
240 2
241 2
242 0
243 0
244 2
245 0
246 2
247 0
248 1
249 0
250 0
251 2
252 0
253 0
254 0
255 0
256 0
