-255 0
-254 0
-253 0
-252 0
-251 0
-250 0
-249 0
-248 0
-247 0
-246 0
-245 0
-244 0
-243 0
-242 0
-241 0
-240 0
-239 0
-238 0
-237 0
-236 0
-235 0
-234 0
-233 0
-232 1
-231 0
-230 1
-229 0
-228 0
-227 1
-226 0
-225 2
-224 1
-223 0
-222 0
-221 1
-220 3
-219 3
-218 5
-217 4
-216 4
-215 4
-214 8
-213 12
-212 11
-211 13
-210 9
-209 9
-208 13
-207 20
-206 17
-205 14
-204 18
-203 15
-202 19
-201 27
-200 24
-199 24
-198 25
-197 26
-196 29
-195 25
-194 32
-193 34
-192 26
-191 26
-190 30
-189 25
-188 36
-187 48
-186 34
-185 44
-184 42
-183 32
-182 49
-181 52
-180 40
-179 38
-178 44
-177 39
-176 43
-175 38
-174 60
-173 51
-172 40
-171 47
-170 55
-169 56
-168 61
-167 65
-166 61
-165 61
-164 64
-163 74
-162 65
-161 67
-160 67
-159 84
-158 80
-157 89
-156 66
-155 74
-154 93
-153 82
-152 91
-151 87
-150 105
-149 113
-148 114
-147 121
-146 124
-145 144
-144 132
-143 141
-142 144
-141 166
-140 179
-139 173
-138 182
-137 193
-136 163
-135 201
-134 155
-133 179
-132 198
-131 204
-130 207
-129 195
-128 220
-127 222
-126 232
-125 229
-124 218
-123 249
-122 219
-121 222
-120 237
-119 250
-118 244
-117 254
-116 235
-115 257
-114 258
-113 266
-112 253
-111 239
-110 273
-109 249
-108 237
-107 266
-106 245
-105 285
-104 263
-103 268
-102 305
-101 315
-100 306
-99 336
-98 322
-97 340
-96 346
-95 342
-94 375
-93 386
-92 353
-91 399
-90 377
-89 351
-88 370
-87 360
-86 360
-85 377
-84 307
-83 330
-82 301
-81 360
-80 344
-79 339
-78 342
-77 340
-76 344
-75 379
-74 359
-73 349
-72 389
-71 406
-70 400
-69 433
-68 419
-67 388
-66 458
-65 402
-64 385
-63 384
-62 384
-61 378
-60 402
-59 400
-58 407
-57 383
-56 417
-55 442
-54 452
-53 509
-52 508
-51 478
-50 511
-49 559
-48 598
-47 624
-46 603
-45 616
-44 577
-43 614
-42 613
-41 584
-40 597
-39 592
-38 640
-37 623
-36 621
-35 658
-34 673
-33 661
-32 691
-31 708
-30 736
-29 790
-28 813
-27 984
-26 1027
-25 1118
-24 1169
-23 1212
-22 1320
-21 1382
-20 1472
-19 1501
-18 1602
-17 1665
-16 1727
-15 1956
-14 2022
-13 2210
-12 2450
-11 2754
-10 2947
-9 3384
-8 3655
-7 4034
-6 4613
-5 5150
-4 5667
-3 6218
-2 6671
-1 7079
0 0
1 14609
2 7042
3 6679
4 6110
5 5576
6 4950
7 4549
8 4005
9 3592
10 3292
11 2929
12 2587
13 2399
14 2205
15 2003
16 1881
17 1759
18 1707
19 1596
20 1510
21 1359
22 1255
23 1212
24 1163
25 1143
26 1050
27 994
28 895
29 882
30 804
31 812
32 750
33 720
34 692
35 666
36 687
37 669
38 677
39 670
40 678
41 668
42 697
43 664
44 746
45 729
46 792
47 683
48 690
49 663
50 611
51 671
52 606
53 555
54 520
55 443
56 451
57 436
58 457
59 416
60 379
61 419
62 374
63 376
64 434
65 443
66 386
67 397
68 392
69 380
70 417
71 407
72 409
73 361
74 366
75 341
76 320
77 324
78 321
79 315
80 308
81 324
82 343
83 331
84 339
85 336
86 317
87 347
88 343
89 380
90 368
91 329
92 361
93 390
94 338
95 316
96 356
97 276
98 323
99 291
100 268
101 285
102 288
103 293
104 269
105 265
106 239
107 237
108 219
109 205
110 238
111 220
112 235
113 250
114 241
115 216
116 243
117 225
118 197
119 207
120 204
121 207
122 204
123 207
124 201
125 203
126 190
127 200
128 196
129 182
130 200
131 199
132 190
133 156
134 186
135 198
136 171
137 177
138 181
139 137
140 154
141 166
142 137
143 156
144 144
145 134
146 129
147 101
148 109
149 117
150 91
151 95
152 91
153 98
154 72
155 99
156 83
157 66
158 84
159 74
160 79
161 82
162 76
163 106
164 81
165 82
166 91
167 86
168 82
169 65
170 85
171 76
172 76
173 61
174 84
175 53
176 54
177 71
178 70
179 68
180 59
181 62
182 58
183 57
184 66
185 49
186 48
187 63
188 54
189 54
190 41
191 40
192 45
193 42
194 28
195 41
196 28
197 29
198 29
199 37
200 21
201 37
202 18
203 10
204 17
205 18
206 17
207 17
208 14
209 14
210 8
211 10
212 15
213 8
214 9
215 3
216 6
217 12
218 6
219 12
220 3
221 0
222 1
223 5
224 1
225 3
226 1
227 2
228 0
229 2
230 0
231 0
232 0
233 2
234 0
235 0
236 0
237 0
238 0
239 0
240 0
241 0
242 0
243 0
244 0
245 0
246 0
247 0
248 0
249 0
250 0
251 0
252 0
253 0
254 0
255 0
256 0
