-128 0.557896
-126 0.556826
-124 0.55524
-122 0.553156
-120 0.551832
-118 0.549899
-116 0.547387
-114 0.544914
-112 0.542648
-110 0.541515
-108 0.539557
-106 0.537388
-104 0.53725
-102 0.536204
-100 0.535366
-98 0.533996
-96 0.53374
-94 0.533822
-92 0.533689
-90 0.533657
-88 0.533155
-86 0.53491
-84 0.534813
-82 0.534899
-80 0.533466
-78 0.533782
-76 0.532907
-74 0.533125
-72 0.533897
-70 0.537777
-68 0.538747
-66 0.540847
-64 0.54297
-62 0.545922
-60 0.549577
-58 0.551403
-56 0.552983
-54 0.556688
-52 0.559015
-50 0.563987
-48 0.566309
-46 0.571674
-44 0.574872
-42 0.575847
-40 0.578165
-38 0.581793
-36 0.585012
-34 0.587136
-32 0.590898
-30 0.595541
-28 0.598201
-26 0.601025
-24 0.604487
-22 0.607995
-20 0.610813
-18 0.616119
-16 0.618832
-14 0.622729
-12 0.629726
-10 0.632494
-8 0.637937
-6 0.643494
-4 0.645431
-2 0.647656
0 0.648273
2 0.644037
4 0.640175
6 0.63605
8 0.629577
10 0.62531
12 0.621475
14 0.615798
16 0.60886
18 0.6035
20 0.602179
22 0.598945
24 0.594182
26 0.592282
28 0.590615
30 0.585311
32 0.580028
34 0.574382
36 0.572515
38 0.570343
40 0.56677
42 0.56386
44 0.563181
46 0.563465
48 0.558785
50 0.555932
52 0.554008
54 0.550328
56 0.545618
58 0.541381
60 0.538905
62 0.537028
64 0.533347
66 0.531169
68 0.529176
70 0.525713
72 0.522688
74 0.519795
76 0.51748
78 0.516151
80 0.515713
82 0.515157
84 0.515699
86 0.515666
88 0.514614
90 0.513286
92 0.512098
94 0.511962
96 0.510355
98 0.510578
100 0.51112
102 0.511393
104 0.512051
106 0.512007
108 0.512295
110 0.512804
112 0.513389
114 0.51461
116 0.516974
118 0.519557
120 0.521297
122 0.522696
124 0.524788
126 0.526948
