-128 0.556656
-126 0.55518
-124 0.553472
-122 0.551291
-120 0.548569
-118 0.546183
-116 0.545041
-114 0.543698
-112 0.542356
-110 0.541912
-108 0.54159
-106 0.540275
-104 0.538774
-102 0.538573
-100 0.538665
-98 0.53703
-96 0.536762
-94 0.538102
-92 0.541027
-90 0.542288
-88 0.542473
-86 0.543331
-84 0.544691
-82 0.543752
-80 0.543165
-78 0.542845
-76 0.546346
-74 0.549751
-72 0.551827
-70 0.554373
-68 0.55703
-66 0.55989
-64 0.561287
-62 0.563596
-60 0.568418
-58 0.571472
-56 0.574843
-54 0.578874
-52 0.583791
-50 0.588985
-48 0.591872
-46 0.594425
-44 0.596837
-42 0.600884
-40 0.603345
-38 0.608492
-36 0.614636
-34 0.622305
-32 0.626338
-30 0.630633
-28 0.635883
-26 0.642077
-24 0.647182
-22 0.651948
-20 0.656593
-18 0.664678
-16 0.671157
-14 0.67737
-12 0.687215
-10 0.693841
-8 0.700196
-6 0.706719
-4 0.719526
-2 0.729396
0 0.747162
2 0.726638
4 0.715504
6 0.707032
8 0.695165
10 0.686557
12 0.67984
14 0.671274
16 0.662428
18 0.652583
20 0.646837
22 0.643022
24 0.634847
26 0.628878
28 0.622717
30 0.618924
32 0.6131
34 0.606226
36 0.601459
38 0.598676
40 0.594848
42 0.589113
44 0.585709
46 0.582728
48 0.57827
50 0.573617
52 0.569026
54 0.566175
56 0.562927
58 0.558991
60 0.555733
62 0.552732
64 0.548863
66 0.545233
68 0.541956
70 0.538776
72 0.536741
74 0.534566
76 0.532419
78 0.532202
80 0.531541
82 0.530674
84 0.529252
86 0.528848
88 0.528247
90 0.526609
92 0.524744
94 0.524405
96 0.523736
98 0.523321
100 0.522882
102 0.522844
104 0.523588
106 0.522489
108 0.521723
110 0.522583
112 0.525367
114 0.526412
116 0.527974
118 0.529182
120 0.532252
122 0.533198
124 0.534625
126 0.536299
