-128 0.545852
-126 0.542605
-124 0.541495
-122 0.540321
-120 0.537445
-118 0.534912
-116 0.534809
-114 0.533591
-112 0.532526
-110 0.52973
-108 0.529427
-106 0.529165
-104 0.528739
-102 0.528136
-100 0.528261
-98 0.529404
-96 0.53
-94 0.531259
-92 0.533697
-90 0.534446
-88 0.534215
-86 0.534658
-84 0.535983
-82 0.536794
-80 0.537387
-78 0.538122
-76 0.540671
-74 0.544145
-72 0.546336
-70 0.547116
-68 0.549493
-66 0.552245
-64 0.555906
-62 0.558783
-60 0.563682
-58 0.56859
-56 0.573197
-54 0.575798
-52 0.580147
-50 0.584319
-48 0.588836
-46 0.591776
-44 0.596107
-42 0.603028
-40 0.608382
-38 0.613721
-36 0.618006
-34 0.625561
-32 0.631891
-30 0.636872
-28 0.643572
-26 0.653397
-24 0.66071
-22 0.667155
-20 0.672599
-18 0.681918
-16 0.689353
-14 0.6962
-12 0.705173
-10 0.718038
-8 0.732792
-6 0.749717
-4 0.769476
-2 0.806463
0 0.999996
2 0.806463
4 0.769476
6 0.749717
8 0.732792
10 0.718038
12 0.705173
14 0.6962
16 0.689353
18 0.681918
20 0.672599
22 0.667155
24 0.66071
26 0.653397
28 0.643572
30 0.636872
32 0.631891
34 0.625561
36 0.618006
38 0.613721
40 0.608382
42 0.603028
44 0.596107
46 0.591776
48 0.588836
50 0.584319
52 0.580147
54 0.575798
56 0.573197
58 0.56859
60 0.563682
62 0.558783
64 0.555906
66 0.552245
68 0.549493
70 0.547116
72 0.546336
74 0.544145
76 0.540671
78 0.538122
80 0.537387
82 0.536794
84 0.535983
86 0.534658
88 0.534215
90 0.534446
92 0.533697
94 0.531259
96 0.53
98 0.529404
100 0.528261
102 0.528136
104 0.528739
106 0.529165
108 0.529427
110 0.52973
112 0.532526
114 0.533591
116 0.534809
118 0.534912
120 0.537445
122 0.540321
124 0.541495
126 0.542605
