-128 0.528561
-126 0.526948
-124 0.524788
-122 0.522696
-120 0.521297
-118 0.519557
-116 0.516974
-114 0.51461
-112 0.513389
-110 0.512804
-108 0.512295
-106 0.512007
-104 0.512051
-102 0.511393
-100 0.51112
-98 0.510578
-96 0.510355
-94 0.511962
-92 0.512098
-90 0.513286
-88 0.514614
-86 0.515666
-84 0.515699
-82 0.515157
-80 0.515713
-78 0.516151
-76 0.51748
-74 0.519795
-72 0.522688
-70 0.525713
-68 0.529176
-66 0.531169
-64 0.533347
-62 0.537028
-60 0.538905
-58 0.541381
-56 0.545618
-54 0.550328
-52 0.554008
-50 0.555932
-48 0.558785
-46 0.563465
-44 0.563181
-42 0.56386
-40 0.56677
-38 0.570343
-36 0.572515
-34 0.574382
-32 0.580028
-30 0.585311
-28 0.590615
-26 0.592282
-24 0.594182
-22 0.598945
-20 0.602179
-18 0.6035
-16 0.60886
-14 0.615798
-12 0.621475
-10 0.62531
-8 0.629577
-6 0.63605
-4 0.640175
-2 0.644037
0 0.648273
2 0.647656
4 0.645431
6 0.643494
8 0.637937
10 0.632494
12 0.629726
14 0.622729
16 0.618832
18 0.616119
20 0.610813
22 0.607995
24 0.604487
26 0.601025
28 0.598201
30 0.595541
32 0.590898
34 0.587136
36 0.585012
38 0.581793
40 0.578165
42 0.575847
44 0.574872
46 0.571674
48 0.566309
50 0.563987
52 0.559015
54 0.556688
56 0.552983
58 0.551403
60 0.549577
62 0.545922
64 0.54297
66 0.540847
68 0.538747
70 0.537777
72 0.533897
74 0.533125
76 0.532907
78 0.533782
80 0.533466
82 0.534899
84 0.534813
86 0.53491
88 0.533155
90 0.533657
92 0.533689
94 0.533822
96 0.53374
98 0.533996
100 0.535366
102 0.536204
104 0.53725
106 0.537388
108 0.539557
110 0.541515
112 0.542648
114 0.544914
116 0.547387
118 0.549899
120 0.551832
122 0.553156
124 0.55524
126 0.556826
