-128 0.539027
-126 0.536299
-124 0.534625
-122 0.533198
-120 0.532252
-118 0.529182
-116 0.527974
-114 0.526412
-112 0.525367
-110 0.522583
-108 0.521723
-106 0.522489
-104 0.523588
-102 0.522844
-100 0.522882
-98 0.523321
-96 0.523736
-94 0.524405
-92 0.524744
-90 0.526609
-88 0.528247
-86 0.528848
-84 0.529252
-82 0.530674
-80 0.531541
-78 0.532202
-76 0.532419
-74 0.534566
-72 0.536741
-70 0.538776
-68 0.541956
-66 0.545233
-64 0.548863
-62 0.552732
-60 0.555733
-58 0.558991
-56 0.562927
-54 0.566175
-52 0.569026
-50 0.573617
-48 0.57827
-46 0.582728
-44 0.585709
-42 0.589113
-40 0.594848
-38 0.598676
-36 0.601459
-34 0.606226
-32 0.6131
-30 0.618924
-28 0.622717
-26 0.628878
-24 0.634847
-22 0.643022
-20 0.646837
-18 0.652583
-16 0.662428
-14 0.671274
-12 0.67984
-10 0.686557
-8 0.695165
-6 0.707032
-4 0.715504
-2 0.726638
0 0.747162
2 0.729396
4 0.719526
6 0.706719
8 0.700196
10 0.693841
12 0.687215
14 0.67737
16 0.671157
18 0.664678
20 0.656593
22 0.651948
24 0.647182
26 0.642077
28 0.635883
30 0.630633
32 0.626338
34 0.622305
36 0.614636
38 0.608492
40 0.603345
42 0.600884
44 0.596837
46 0.594425
48 0.591872
50 0.588985
52 0.583791
54 0.578874
56 0.574843
58 0.571472
60 0.568418
62 0.563596
64 0.561287
66 0.55989
68 0.55703
70 0.554373
72 0.551827
74 0.549751
76 0.546346
78 0.542845
80 0.543165
82 0.543752
84 0.544691
86 0.543331
88 0.542473
90 0.542288
92 0.541027
94 0.538102
96 0.536762
98 0.53703
100 0.538665
102 0.538573
104 0.538774
106 0.540275
108 0.54159
110 0.541912
112 0.542356
114 0.543698
116 0.545041
118 0.546183
120 0.548569
122 0.551291
124 0.553472
126 0.55518
