-128 0.650975
-126 0.647964
-124 0.646698
-122 0.644893
-120 0.642649
-118 0.64011
-116 0.637974
-114 0.635806
-112 0.6341
-110 0.632022
-108 0.629387
-106 0.626687
-104 0.625949
-102 0.623547
-100 0.622241
-98 0.621459
-96 0.621661
-94 0.621452
-92 0.619903
-90 0.619246
-88 0.617155
-86 0.616906
-84 0.615088
-82 0.614716
-80 0.612618
-78 0.6122
-76 0.610679
-74 0.610478
-72 0.609159
-70 0.611264
-68 0.610308
-66 0.610441
-64 0.610798
-62 0.611417
-60 0.613243
-58 0.613163
-56 0.613133
-54 0.612993
-52 0.611821
-50 0.612922
-48 0.608974
-46 0.610365
-44 0.609946
-42 0.607059
-40 0.606056
-38 0.604318
-36 0.603849
-34 0.600512
-32 0.598128
-30 0.594895
-28 0.590888
-26 0.58934
-24 0.587977
-22 0.585333
-20 0.581581
-18 0.585478
-16 0.58139
-14 0.575509
-12 0.576457
-10 0.575435
-8 0.575809
-6 0.57273
-4 0.565602
-2 0.567009
0 0.564984
2 0.561456
4 0.565189
6 0.567432
8 0.570492
10 0.570985
12 0.570049
14 0.57283
16 0.578031
18 0.576983
20 0.578996
22 0.582781
24 0.586824
26 0.587454
28 0.588815
30 0.589296
32 0.593267
34 0.592105
36 0.594775
38 0.597607
40 0.600482
42 0.603143
44 0.603276
46 0.607776
48 0.609272
50 0.608825
52 0.608405
54 0.608419
56 0.61019
58 0.609766
60 0.608276
62 0.608847
64 0.607409
66 0.608491
68 0.607543
70 0.605051
72 0.606617
74 0.607387
76 0.606056
78 0.60537
80 0.607851
82 0.608582
84 0.6092
86 0.609464
88 0.610769
90 0.611802
92 0.612187
94 0.612943
96 0.611429
98 0.613864
100 0.61484
102 0.615186
104 0.616208
106 0.617363
108 0.619602
110 0.621253
112 0.622009
114 0.624306
116 0.627307
118 0.629282
120 0.62949
122 0.631154
124 0.633357
126 0.635167
