-128 0.646408
-126 0.643536
-124 0.641234
-122 0.639359
-120 0.637521
-118 0.634369
-116 0.632127
-114 0.630577
-112 0.629072
-110 0.627214
-108 0.62535
-106 0.622653
-104 0.620994
-102 0.62061
-100 0.619691
-98 0.617316
-96 0.616806
-94 0.616474
-92 0.615655
-90 0.616564
-88 0.616688
-86 0.61667
-84 0.615161
-82 0.613709
-80 0.613213
-78 0.610978
-76 0.612476
-74 0.612625
-72 0.613726
-70 0.614692
-68 0.615715
-66 0.616534
-64 0.615886
-62 0.615996
-60 0.617789
-58 0.615851
-56 0.614906
-54 0.615299
-52 0.614402
-50 0.614393
-48 0.613395
-46 0.612503
-44 0.610055
-42 0.61079
-40 0.608029
-38 0.605898
-36 0.607396
-34 0.608474
-32 0.605455
-30 0.601785
-28 0.600347
-26 0.601596
-24 0.599994
-22 0.598744
-20 0.594726
-18 0.597639
-16 0.597265
-14 0.595904
-12 0.599712
-10 0.601586
-8 0.604275
-6 0.602333
-4 0.610067
-2 0.612498
0 0.615915
2 0.608659
4 0.603473
6 0.604071
8 0.600528
10 0.598351
12 0.597628
14 0.595499
16 0.595903
18 0.592531
20 0.591112
22 0.59375
24 0.594383
26 0.595688
28 0.593362
30 0.595625
32 0.599821
34 0.600599
36 0.600003
38 0.600295
40 0.603886
42 0.60401
44 0.605651
46 0.606374
48 0.605836
50 0.607673
52 0.606149
54 0.606016
56 0.606907
58 0.609539
60 0.608875
62 0.606583
64 0.607931
66 0.608199
68 0.608117
70 0.606939
72 0.606616
74 0.606916
76 0.606441
78 0.606378
80 0.605958
82 0.608768
84 0.609008
86 0.608312
88 0.610192
90 0.610202
92 0.61076
94 0.610923
96 0.611082
98 0.611702
100 0.612712
102 0.614346
104 0.61513
106 0.615888
108 0.617813
110 0.620412
112 0.622783
114 0.624318
116 0.627295
118 0.627831
120 0.631056
122 0.631978
124 0.635029
126 0.63734
