-128 0.637486
-126 0.634483
-124 0.632712
-122 0.630344
-120 0.628502
-118 0.62587
-116 0.62403
-114 0.621172
-112 0.621145
-110 0.617452
-108 0.614975
-106 0.613202
-104 0.611988
-102 0.610919
-100 0.609003
-98 0.608451
-96 0.607363
-94 0.607929
-92 0.608063
-90 0.606391
-88 0.605722
-86 0.606551
-84 0.605614
-82 0.604173
-80 0.603294
-78 0.603155
-76 0.603919
-74 0.603192
-72 0.605329
-70 0.60442
-68 0.605666
-66 0.603901
-64 0.604185
-62 0.603341
-60 0.604573
-58 0.604856
-56 0.603366
-54 0.602569
-52 0.602808
-50 0.601676
-48 0.60259
-46 0.601151
-44 0.600065
-42 0.599779
-40 0.597342
-38 0.59785
-36 0.59771
-34 0.597174
-32 0.596371
-30 0.593118
-28 0.59333
-26 0.597119
-24 0.595498
-22 0.591293
-20 0.590272
-18 0.591318
-16 0.58702
-14 0.58864
-12 0.591499
-10 0.599728
-8 0.609184
-6 0.621398
-4 0.633395
-2 0.662704
0 0.999996
2 0.662704
4 0.633395
6 0.621398
8 0.609184
10 0.599728
12 0.591499
14 0.58864
16 0.58702
18 0.591318
20 0.590272
22 0.591293
24 0.595498
26 0.597119
28 0.59333
30 0.593118
32 0.596371
34 0.597174
36 0.59771
38 0.59785
40 0.597342
42 0.599779
44 0.600065
46 0.601151
48 0.60259
50 0.601676
52 0.602808
54 0.602569
56 0.603366
58 0.604856
60 0.604573
62 0.603341
64 0.604185
66 0.603901
68 0.605666
70 0.60442
72 0.605329
74 0.603192
76 0.603919
78 0.603155
80 0.603294
82 0.604173
84 0.605614
86 0.606551
88 0.605722
90 0.606391
92 0.608063
94 0.607929
96 0.607363
98 0.608451
100 0.609003
102 0.610919
104 0.611988
106 0.613202
108 0.614975
110 0.617452
112 0.621145
114 0.621172
116 0.62403
118 0.62587
120 0.628502
122 0.630344
124 0.632712
126 0.634483
