-128 0.637621
-126 0.635167
-124 0.633357
-122 0.631154
-120 0.62949
-118 0.629282
-116 0.627307
-114 0.624306
-112 0.622009
-110 0.621253
-108 0.619602
-106 0.617363
-104 0.616208
-102 0.615186
-100 0.61484
-98 0.613864
-96 0.611429
-94 0.612943
-92 0.612187
-90 0.611802
-88 0.610769
-86 0.609464
-84 0.6092
-82 0.608582
-80 0.607851
-78 0.60537
-76 0.606056
-74 0.607387
-72 0.606617
-70 0.605051
-68 0.607543
-66 0.608491
-64 0.607409
-62 0.608847
-60 0.608276
-58 0.609766
-56 0.61019
-54 0.608419
-52 0.608405
-50 0.608825
-48 0.609272
-46 0.607776
-44 0.603276
-42 0.603143
-40 0.600482
-38 0.597607
-36 0.594775
-34 0.592105
-32 0.593267
-30 0.589296
-28 0.588815
-26 0.587454
-24 0.586824
-22 0.582781
-20 0.578996
-18 0.576983
-16 0.578031
-14 0.57283
-12 0.570049
-10 0.570985
-8 0.570492
-6 0.567432
-4 0.565189
-2 0.561456
0 0.564984
2 0.567009
4 0.565602
6 0.57273
8 0.575809
10 0.575435
12 0.576457
14 0.575509
16 0.58139
18 0.585478
20 0.581581
22 0.585333
24 0.587977
26 0.58934
28 0.590888
30 0.594895
32 0.598128
34 0.600512
36 0.603849
38 0.604318
40 0.606056
42 0.607059
44 0.609946
46 0.610365
48 0.608974
50 0.612922
52 0.611821
54 0.612993
56 0.613133
58 0.613163
60 0.613243
62 0.611417
64 0.610798
66 0.610441
68 0.610308
70 0.611264
72 0.609159
74 0.610478
76 0.610679
78 0.6122
80 0.612618
82 0.614716
84 0.615088
86 0.616906
88 0.617155
90 0.619246
92 0.619903
94 0.621452
96 0.621661
98 0.621459
100 0.622241
102 0.623547
104 0.625949
106 0.626687
108 0.629387
110 0.632022
112 0.6341
114 0.635806
116 0.637974
118 0.64011
120 0.642649
122 0.644893
124 0.646698
126 0.647964
