-128 0.639741
-126 0.63734
-124 0.635029
-122 0.631978
-120 0.631056
-118 0.627831
-116 0.627295
-114 0.624318
-112 0.622783
-110 0.620412
-108 0.617813
-106 0.615888
-104 0.61513
-102 0.614346
-100 0.612712
-98 0.611702
-96 0.611082
-94 0.610923
-92 0.61076
-90 0.610202
-88 0.610192
-86 0.608312
-84 0.609008
-82 0.608768
-80 0.605958
-78 0.606378
-76 0.606441
-74 0.606916
-72 0.606616
-70 0.606939
-68 0.608117
-66 0.608199
-64 0.607931
-62 0.606583
-60 0.608875
-58 0.609539
-56 0.606907
-54 0.606016
-52 0.606149
-50 0.607673
-48 0.605836
-46 0.606374
-44 0.605651
-42 0.60401
-40 0.603886
-38 0.600295
-36 0.600003
-34 0.600599
-32 0.599821
-30 0.595625
-28 0.593362
-26 0.595688
-24 0.594383
-22 0.59375
-20 0.591112
-18 0.592531
-16 0.595903
-14 0.595499
-12 0.597628
-10 0.598351
-8 0.600528
-6 0.604071
-4 0.603473
-2 0.608659
0 0.615915
2 0.612498
4 0.610067
6 0.602333
8 0.604275
10 0.601586
12 0.599712
14 0.595904
16 0.597265
18 0.597639
20 0.594726
22 0.598744
24 0.599994
26 0.601596
28 0.600347
30 0.601785
32 0.605455
34 0.608474
36 0.607396
38 0.605898
40 0.608029
42 0.61079
44 0.610055
46 0.612503
48 0.613395
50 0.614393
52 0.614402
54 0.615299
56 0.614906
58 0.615851
60 0.617789
62 0.615996
64 0.615886
66 0.616534
68 0.615715
70 0.614692
72 0.613726
74 0.612625
76 0.612476
78 0.610978
80 0.613213
82 0.613709
84 0.615161
86 0.61667
88 0.616688
90 0.616564
92 0.615655
94 0.616474
96 0.616806
98 0.617316
100 0.619691
102 0.62061
104 0.620994
106 0.622653
108 0.62535
110 0.627214
112 0.629072
114 0.630577
116 0.632127
118 0.634369
120 0.637521
122 0.639359
124 0.641234
126 0.643536
