-128 0.733506
-126 0.731903
-124 0.730778
-122 0.729779
-120 0.728937
-118 0.72906
-116 0.728921
-114 0.727506
-112 0.726095
-110 0.72589
-108 0.725627
-106 0.725164
-104 0.725148
-102 0.724012
-100 0.723049
-98 0.722588
-96 0.723975
-94 0.725473
-92 0.724869
-90 0.724005
-88 0.722803
-86 0.723018
-84 0.723391
-82 0.724957
-80 0.724896
-78 0.724805
-76 0.723922
-74 0.725157
-72 0.725707
-70 0.727471
-68 0.727419
-66 0.727582
-64 0.726953
-62 0.726576
-60 0.727198
-58 0.727976
-56 0.727944
-54 0.727156
-52 0.725995
-50 0.727607
-48 0.727697
-46 0.730256
-44 0.730862
-42 0.730636
-40 0.731252
-38 0.731708
-36 0.734142
-34 0.736337
-32 0.737118
-30 0.735854
-28 0.734956
-26 0.734615
-24 0.736392
-22 0.738254
-20 0.738005
-18 0.740512
-16 0.739753
-14 0.739363
-12 0.742831
-10 0.744853
-8 0.748525
-6 0.748499
-4 0.743901
-2 0.743276
0 0.745666
2 0.743332
4 0.744875
6 0.742577
8 0.741082
10 0.739184
12 0.738529
14 0.738324
16 0.740415
18 0.737178
20 0.735539
22 0.736136
24 0.739101
26 0.739877
28 0.740843
30 0.739864
32 0.739948
34 0.737484
36 0.737932
38 0.739106
40 0.738433
42 0.736537
44 0.733685
46 0.7344
48 0.734168
50 0.732581
52 0.732008
54 0.731018
56 0.730482
58 0.729344
60 0.729826
62 0.73186
64 0.730481
66 0.729636
68 0.727688
70 0.726339
72 0.727241
74 0.727265
76 0.725982
78 0.724375
80 0.723357
82 0.7225
84 0.722299
86 0.722886
88 0.72313
90 0.722669
92 0.72209
94 0.722168
96 0.721679
98 0.724002
100 0.724098
102 0.723525
104 0.723514
106 0.723882
108 0.724919
110 0.725831
112 0.725954
114 0.726408
116 0.726576
118 0.726469
120 0.726223
122 0.727626
124 0.728439
126 0.72853
