-128 0.729864
-126 0.728741
-124 0.728183
-122 0.727218
-120 0.725235
-118 0.724211
-116 0.724429
-114 0.724841
-112 0.724509
-110 0.723889
-108 0.722877
-106 0.721396
-104 0.721183
-102 0.72238
-100 0.723112
-98 0.722105
-96 0.721164
-94 0.720894
-92 0.721651
-90 0.723189
-88 0.723305
-86 0.723654
-84 0.723075
-82 0.722881
-80 0.724065
-78 0.725014
-76 0.727204
-74 0.727323
-72 0.727334
-70 0.728394
-68 0.729627
-66 0.731425
-64 0.731134
-62 0.730161
-60 0.728578
-58 0.726441
-56 0.726932
-54 0.728291
-52 0.728492
-50 0.728513
-48 0.728747
-46 0.729565
-44 0.730374
-42 0.733673
-40 0.734776
-38 0.734727
-36 0.734972
-34 0.738065
-32 0.739691
-30 0.740958
-28 0.741023
-26 0.741706
-24 0.742249
-22 0.742617
-20 0.744065
-18 0.749783
-16 0.753535
-14 0.753975
-12 0.75889
-10 0.762286
-8 0.769312
-6 0.774488
-4 0.783024
-2 0.784654
0 0.790847
2 0.782856
4 0.779217
6 0.775189
8 0.769022
10 0.761389
12 0.756275
14 0.750817
16 0.749462
18 0.746307
20 0.745339
22 0.744062
24 0.741241
26 0.740827
28 0.740281
30 0.741263
32 0.742242
34 0.74135
36 0.738373
38 0.736145
40 0.737168
42 0.736713
44 0.735984
46 0.734756
48 0.731642
50 0.729983
52 0.728656
54 0.730239
56 0.730748
58 0.731276
60 0.730086
62 0.728997
64 0.730511
66 0.731145
68 0.73081
70 0.729257
72 0.727947
74 0.726381
76 0.725256
78 0.72516
80 0.723812
82 0.723254
84 0.720816
86 0.719878
88 0.720579
90 0.72098
92 0.721152
94 0.720953
96 0.72
98 0.7199
100 0.720904
102 0.722447
104 0.722645
106 0.722547
108 0.722764
110 0.724104
112 0.725388
114 0.72687
116 0.727704
118 0.726758
120 0.727116
122 0.727231
124 0.728971
126 0.730149
