-128 0.726355
-126 0.724689
-124 0.724401
-122 0.724149
-120 0.723818
-118 0.722734
-116 0.721566
-114 0.72029
-112 0.721401
-110 0.720392
-108 0.719481
-106 0.718484
-104 0.717381
-102 0.716646
-100 0.716171
-98 0.71735
-96 0.716895
-94 0.716714
-92 0.716257
-90 0.716055
-88 0.716236
-86 0.717876
-84 0.718895
-82 0.71971
-80 0.719409
-78 0.720728
-76 0.722808
-74 0.72419
-72 0.726121
-70 0.725817
-68 0.725352
-66 0.724517
-64 0.724712
-62 0.724892
-60 0.725435
-58 0.724792
-56 0.723051
-54 0.721826
-52 0.722264
-50 0.723971
-48 0.727168
-46 0.727644
-44 0.726886
-42 0.726931
-40 0.727469
-38 0.73165
-36 0.734095
-34 0.733928
-32 0.73348
-30 0.733339
-28 0.734558
-26 0.737694
-24 0.740071
-22 0.739367
-20 0.739345
-18 0.741249
-16 0.744483
-14 0.751882
-12 0.759867
-10 0.767275
-8 0.775232
-6 0.785222
-4 0.797283
-2 0.816606
0 0.999996
2 0.816606
4 0.797283
6 0.785222
8 0.775232
10 0.767275
12 0.759867
14 0.751882
16 0.744483
18 0.741249
20 0.739345
22 0.739367
24 0.740071
26 0.737694
28 0.734558
30 0.733339
32 0.73348
34 0.733928
36 0.734095
38 0.73165
40 0.727469
42 0.726931
44 0.726886
46 0.727644
48 0.727168
50 0.723971
52 0.722264
54 0.721826
56 0.723051
58 0.724792
60 0.725435
62 0.724892
64 0.724712
66 0.724517
68 0.725352
70 0.725817
72 0.726121
74 0.72419
76 0.722808
78 0.720728
80 0.719409
82 0.71971
84 0.718895
86 0.717876
88 0.716236
90 0.716055
92 0.716257
94 0.716714
96 0.716895
98 0.71735
100 0.716171
102 0.716646
104 0.717381
106 0.718484
108 0.719481
110 0.720392
112 0.721401
114 0.72029
116 0.721566
118 0.722734
120 0.723818
122 0.724149
124 0.724401
126 0.724689
