-128 0.729246
-126 0.72853
-124 0.728439
-122 0.727626
-120 0.726223
-118 0.726469
-116 0.726576
-114 0.726408
-112 0.725954
-110 0.725831
-108 0.724919
-106 0.723882
-104 0.723514
-102 0.723525
-100 0.724098
-98 0.724002
-96 0.721679
-94 0.722168
-92 0.72209
-90 0.722669
-88 0.72313
-86 0.722886
-84 0.722299
-82 0.7225
-80 0.723357
-78 0.724375
-76 0.725982
-74 0.727265
-72 0.727241
-70 0.726339
-68 0.727688
-66 0.729636
-64 0.730481
-62 0.73186
-60 0.729826
-58 0.729344
-56 0.730482
-54 0.731018
-52 0.732008
-50 0.732581
-48 0.734168
-46 0.7344
-44 0.733685
-42 0.736537
-40 0.738433
-38 0.739106
-36 0.737932
-34 0.737484
-32 0.739948
-30 0.739864
-28 0.740843
-26 0.739877
-24 0.739101
-22 0.736136
-20 0.735539
-18 0.737178
-16 0.740415
-14 0.738324
-12 0.738529
-10 0.739184
-8 0.741082
-6 0.742577
-4 0.744875
-2 0.743332
0 0.745666
2 0.743276
4 0.743901
6 0.748499
8 0.748525
10 0.744853
12 0.742831
14 0.739363
16 0.739753
18 0.740512
20 0.738005
22 0.738254
24 0.736392
26 0.734615
28 0.734956
30 0.735854
32 0.737118
34 0.736337
36 0.734142
38 0.731708
40 0.731252
42 0.730636
44 0.730862
46 0.730256
48 0.727697
50 0.727607
52 0.725995
54 0.727156
56 0.727944
58 0.727976
60 0.727198
62 0.726576
64 0.726953
66 0.727582
68 0.727419
70 0.727471
72 0.725707
74 0.725157
76 0.723922
78 0.724805
80 0.724896
82 0.724957
84 0.723391
86 0.723018
88 0.722803
90 0.724005
92 0.724869
94 0.725473
96 0.723975
98 0.722588
100 0.723049
102 0.724012
104 0.725148
106 0.725164
108 0.725627
110 0.72589
112 0.726095
114 0.727506
116 0.728921
118 0.72906
120 0.728937
122 0.729779
124 0.730778
126 0.731903
