-128 0.730848
-126 0.730149
-124 0.728971
-122 0.727231
-120 0.727116
-118 0.726758
-116 0.727704
-114 0.72687
-112 0.725388
-110 0.724104
-108 0.722764
-106 0.722547
-104 0.722645
-102 0.722447
-100 0.720904
-98 0.7199
-96 0.72
-94 0.720953
-92 0.721152
-90 0.72098
-88 0.720579
-86 0.719878
-84 0.720816
-82 0.723254
-80 0.723812
-78 0.72516
-76 0.725256
-74 0.726381
-72 0.727947
-70 0.729257
-68 0.73081
-66 0.731145
-64 0.730511
-62 0.728997
-60 0.730086
-58 0.731276
-56 0.730748
-54 0.730239
-52 0.728656
-50 0.729983
-48 0.731642
-46 0.734756
-44 0.735984
-42 0.736713
-40 0.737168
-38 0.736145
-36 0.738373
-34 0.74135
-32 0.742242
-30 0.741263
-28 0.740281
-26 0.740827
-24 0.741241
-22 0.744062
-20 0.745339
-18 0.746307
-16 0.749462
-14 0.750817
-12 0.756275
-10 0.761389
-8 0.769022
-6 0.775189
-4 0.779217
-2 0.782856
0 0.790847
2 0.784654
4 0.783024
6 0.774488
8 0.769312
10 0.762286
12 0.75889
14 0.753975
16 0.753535
18 0.749783
20 0.744065
22 0.742617
24 0.742249
26 0.741706
28 0.741023
30 0.740958
32 0.739691
34 0.738065
36 0.734972
38 0.734727
40 0.734776
42 0.733673
44 0.730374
46 0.729565
48 0.728747
50 0.728513
52 0.728492
54 0.728291
56 0.726932
58 0.726441
60 0.728578
62 0.730161
64 0.731134
66 0.731425
68 0.729627
70 0.728394
72 0.727334
74 0.727323
76 0.727204
78 0.725014
80 0.724065
82 0.722881
84 0.723075
86 0.723654
88 0.723305
90 0.723189
92 0.721651
94 0.720894
96 0.721164
98 0.722105
100 0.723112
102 0.72238
104 0.721183
106 0.721396
108 0.722877
110 0.723889
112 0.724509
114 0.724841
116 0.724429
118 0.724211
120 0.725235
122 0.727218
124 0.728183
126 0.728741
